1                    2              3      4      5     6    7      8      9           10 11  12  13  14     15  16      17      18      19      20    21     
===================  =============  =====  =====  ====  ===  =====  =====  ==========  =  ==  ==  ==  =====  ==  ======  ======  ======  ======  ====  ====== 
1969-11-19T18:42:13  2440545.27932    1.8  -9.99   493  318  -99.9  -99.9     2622080  3   3   0   0   19.0   2    13.0  -999.9     2.0     3.0  2.60     6.7 
1969-11-19T18:42:41  2440545.27964    0.8  -9.99   591  256  -99.9  -99.9     2622080  3   3   0   0   16.0   2     9.0  -999.9  -999.9     1.0  1.90     7.2 
1969-11-19T18:43:09  2440545.27997    0.4  -9.99   734  145  -99.9  -99.9     2622080  3   3   0   0   17.0   2    10.0  -999.9     2.0  -999.9  1.30     7.1 
1969-11-19T18:43:37  2440545.28029    0.6  -9.99   673  187  -99.9  -99.9     2622080  3   3   0   0   14.0   2    10.0  -999.9  -999.9  -999.9  1.46     6.7 
1969-11-19T18:44:05  2440545.28061    1.0  -9.99   591  230  -99.9  -99.9     2622080  3   3   0   0   13.0   2    13.0  -999.9     2.0     1.0  1.76     6.7 
1969-11-19T18:44:33  2440545.28094    0.7  -9.99   645  213  -99.9  -99.9      524928  3   3   0   0   14.0   2    10.0  -999.9     1.0     1.0  1.58     6.3 
1969-11-19T18:45:01  2440545.28126    0.7  -9.99   645  213  -99.9  -99.9      524928  3   3   0   0   14.0   2    10.0  -999.9     2.0  -999.9  1.58     6.4 
1969-11-19T18:45:57  2440545.28191    0.7  -9.99   603  200  -99.9  -99.9      524928  3   3   0   0   11.0   2    10.0  -999.9     2.0     2.0  1.59     6.1 
1969-11-19T18:46:26  2440545.28225    0.9  -9.99   552  220  -99.9  -99.9      524928  3   3   0   0   14.0   2    11.0  -999.9     2.0  -999.9  1.79     5.9 
1969-11-19T18:46:54  2440545.28257    0.9  -9.99   533  236  -99.9  -99.9      524928  3   3   0   0   19.0   2     9.0  -999.9  -999.9     1.0  1.93     6.1 
1969-11-19T18:47:22  2440545.28289    0.6  -9.99   602  184  -99.9  -99.9      524928  3   3   0   0   13.0   2     8.0  -999.9     1.0     1.0  1.52     6.3 
1969-11-19T18:48:18  2440545.28354    0.7  -9.99   583  191  -99.9  -99.9      524928  3   3   0   0   14.0   2    10.0  -999.9     2.0  -999.9  1.58     6.1 
1969-11-19T18:48:46  2440545.28387    0.4   0.18   593  121  -99.9  -99.9      524928  3   3   0   0   23.0   2     8.0  -999.9     1.0     3.0  1.31     6.0 
1969-11-19T18:49:14  2440545.28419    0.7  -9.99   547  187  -99.9  -99.9      524928  3   3   0   0   23.0   2     9.0  -999.9  -999.9     2.0  1.62     6.1 
1969-11-19T18:49:42  2440545.28451    0.6  -9.99   556  179  -99.9  -99.9      524928  3   3   0   0   23.0   2     9.0  -999.9     1.0  -999.9  1.56     6.3 
1969-11-19T18:50:10  2440545.28484    0.4  -9.99   610  114  -99.9  -99.9      524928  3   3   0   0   17.0   2     7.0  -999.9     3.0     1.0  1.29     5.6 
1969-11-19T18:51:06  2440545.28549    0.6  -9.99   598  149  -99.9  -99.9      524928  3   3   0   0   19.0   2     9.0  -999.9     2.0     2.0  1.40     5.4 
1969-11-19T18:51:34  2440545.28581    1.3  -9.99   463  248  -99.9  -99.9      524928  3   3   0   0   22.0   2    10.0  -999.9     3.0  -999.9  2.24     5.4 
1969-11-19T18:52:02  2440545.28613    0.8  -9.99   529  209  -99.9  -99.9      524928  3   3   0   0   21.0   2    10.0  -999.9     2.0  -999.9  1.78     5.1 
1969-11-19T18:52:31  2440545.28647    0.6  -9.99   576  162  -99.9  -99.9      524928  3   3   0   0   20.0   2     8.0  -999.9     3.0  -999.9  1.47     5.1 
1969-11-19T18:52:59  2440545.28679    0.8  -9.99   528  209  -99.9  -99.9      524928  3   3   0   0   21.0   2    10.0  -999.9     1.0     2.0  1.78     5.2 
1969-11-19T18:54:51  2440545.28809    0.8  -9.99   528  209  -99.9  -99.9   335544960  3   3   0   0   21.0   2    10.0  -999.9     1.0     2.0  1.78     5.3 
1969-11-19T18:55:19  2440545.28841    0.8  -9.99   528  209  -99.9  -99.9   335544960  3   3   0   0   21.0   2    10.0  -999.9     1.0     2.0  1.78     5.7 
1969-11-19T18:55:47  2440545.28874    1.1   0.04   528  218  -99.9  -99.9      524928  3   3   0   0    8.0   2    13.0  -999.9     1.0     2.0  1.84     5.3 
1969-11-19T18:56:15  2440545.28906    0.6   0.12   576  180  -99.9  -99.9      524928  3   3   0   0   25.0   2     9.0  -999.9     3.0     3.0  1.53     5.2 
1969-11-19T18:56:43  2440545.28939    1.3  -9.99   492  264  -99.9  -99.9      524928  3   3   0   0   14.0   2    11.0  -999.9  -999.9     3.0  2.25     5.3 
1969-11-19T18:57:11  2440545.28971    0.6   0.06   592  177  -99.9  -99.9      524928  3   3   0   0   16.0   2     9.0  -999.9     3.0  -999.9  1.51     5.0 
1969-11-19T18:57:39  2440545.29003    0.8  -9.99   560  207  -99.9  -99.9      524928  3   3   0   0   14.0   2    10.0  -999.9     2.0  -999.9  1.70     4.9 
1969-11-19T18:58:35  2440545.29068    0.9  -9.99   559  209  -99.9  -99.9      524928  3   3   0   0   14.0   2    11.0  -999.9     2.0  -999.9  1.71     4.8 
1969-11-19T18:59:04  2440545.29102    0.9  -9.99   556  213  -99.9  -99.9      524928  3   3   0   0   13.0   2    11.0  -999.9     2.0  -999.9  1.74     4.7 
1969-11-19T18:59:32  2440545.29134    0.9  -9.99   550  220  -99.9  -99.9      524928  3   3   0   0   15.0   2    10.0  -999.9     2.0     1.0  1.79     4.9 
1969-11-19T19:00:00  2440545.29167    0.5   0.11   605  145  -99.9  -99.9      524928  3   3   0   0   11.0   2     9.0  -999.9     3.0     1.0  1.39     4.8 
1969-11-19T19:00:28  2440545.29199    0.6   0.01   614  141  -99.9  -99.9      524928  3   3   0   0    3.0   2    10.0  -999.9     2.0  -999.9  1.37     4.7 
1969-11-19T19:00:56  2440545.29231    0.6  -9.99   625  156  -99.9  -99.9      524928  3   3   0   0   12.0   2    10.0  -999.9     1.0  -999.9  1.40     4.7 
1969-11-19T19:01:24  2440545.29264    0.6  -9.99   626  156  -99.9  -99.9      524928  3   3   0   0   12.0   2    10.0  -999.9     3.0  -999.9  1.41     4.7 
1969-11-19T19:01:52  2440545.29296    0.7  -9.99   599  179  -99.9  -99.9      524928  3   3   0   0   14.0   2    10.0  -999.9     4.0  -999.9  1.51     4.8 
1969-11-19T19:02:20  2440545.29329    0.7   0.08   554  214  -99.9  -99.9      524928  3   3   0   0   15.0   2    10.0  -999.9     3.0  -999.9  1.75     4.6 
1969-11-19T19:02:48  2440545.29361    1.0   0.09   477  245  -99.9  -99.9      524928  3   3   0   0    9.0   2    10.0  -999.9     4.0  -999.9  2.17     4.3 
1969-11-19T19:03:16  2440545.29394    0.8  -9.99   543  237  -99.9  -99.9      524928  3   3   0   0    9.0   2     9.0  -999.9     4.0  -999.9  1.92     4.3 
1969-11-19T19:03:44  2440545.29426    0.6   0.06   558  165  -99.9  -99.9      524928  3   3   0   0   19.0   2     9.0  -999.9     2.0  -999.9  1.50     4.4 
1969-11-19T19:04:40  2440545.29491    1.5  -9.99   421  304  -99.9  -99.9      524928  3   3   0   0   13.0   2     9.0  -999.9     4.0  -999.9  2.62     4.4 
1969-11-19T19:05:09  2440545.29524    0.5  -9.99   562  138  -99.9  -99.9      524928  3   3   0   0   10.0   2     8.0  -999.9     2.0  -999.9  1.40     3.8 
1969-11-19T19:05:37  2440545.29557    0.5   0.01   563  135  -99.9  -99.9      524928  3   3   0   0   13.0   2     7.0  -999.9     2.0  -999.9  1.38     3.9 
1969-11-19T19:06:05  2440545.29589    0.6  -9.99   559  210  -99.9  -99.9      524928  3   3   0   0   10.0   2     8.0  -999.9     1.0  -999.9  1.72     4.0 
1969-11-19T19:06:33  2440545.29622    0.6  -9.99   568  201  -99.9  -99.9      524928  3   3   0   0   11.0   2     8.0  -999.9     2.0  -999.9  1.65     4.1 
1969-11-19T19:07:01  2440545.29654    0.6  -9.99   523  191  -99.9  -99.9      524936  3   3   0   0   21.0   2     6.0  -999.9     3.0  -999.9  1.68     4.2 
1969-11-19T19:07:29  2440545.29686    0.5  -9.99   583  184  -99.9  -99.9      524936  3   3   0   0   12.0   2     7.0  -999.9     3.0  -999.9  1.54     4.0 
1969-11-19T19:07:57  2440545.29719    0.6  -9.99   535  172  -99.9  -99.9      524928  3   3   0   0   16.0   2     7.0  -999.9     2.0  -999.9  1.56     4.3 
1969-11-19T19:08:53  2440545.29784  -99.9  -9.99  -999  -99  -99.9  -99.9      525832  3   3   0   0   99.0   2     5.0  -999.9     2.0     1.0  9.99     4.2 
1969-11-19T19:09:21  2440545.29816  -99.9  -9.99  -999  -99  -99.9  -99.9      525960  3   3   0   0   99.0   2     5.0  -999.9  -999.9  -999.9  9.99     4.1 
1969-11-19T19:09:49  2440545.29848    0.5   0.03   573  158  -99.9  -99.9      524928  3   3   0   0   10.0   2     9.0     2.0     2.0  -999.9  1.46     4.2 
1969-11-19T19:10:17  2440545.29881  -99.9  -9.99  -999  -99  -99.9  -99.9      525960  3   3   0   0   99.0   2     6.0  -999.9     2.0  -999.9  9.99     4.2 
1969-11-19T19:11:13  2440545.29946  -99.9  -9.99  -999  -99  -99.9  -99.9      525960  3   3   0   0   99.0   2     5.0  -999.9     3.0  -999.9  9.99     4.2 
1969-11-19T19:11:42  2440545.29979  -99.9  -9.99  -999  -99  -99.9  -99.9      525960  3   3   0   0   99.0   2     7.0  -999.9     2.0     1.0  9.99     3.9 
1969-11-19T19:12:10  2440545.30012  -99.9  -9.99  -999  -99  -99.9  -99.9      525832  3   3   0   0   99.0   2     5.0  -999.9     2.0  -999.9  9.99     3.8 
1969-11-19T19:12:38  2440545.30044  -99.9  -9.99  -999  -99  -99.9  -99.9      525960  3   3   0   0   99.0   2     7.0  -999.9  -999.9  -999.9  9.99     4.1 
1969-11-19T19:13:06  2440545.30076  -99.9  -9.99  -999  -99  -99.9  -99.9      525960  3   3   0   0   99.0   2     5.0  -999.9     2.0  -999.9  9.99     4.2 
1969-11-19T19:13:34  2440545.30109  -99.9  -9.99  -999  -99  -99.9  -99.9      525960  3   3   0   0   99.0   2     6.0  -999.9     3.0  -999.9  9.99     4.3 
1969-11-19T19:14:02  2440545.30141  -99.9  -9.99  -999  -99  -99.9  -99.9      525960  3   3   0   0   99.0   2     6.0  -999.9     1.0     1.0  9.99     4.5 
1969-11-19T19:14:30  2440545.30174  -99.9  -9.99  -999  -99  -99.9  -99.9      524808  3   3   0   0   99.0   2     4.0  -999.9     2.0  -999.9  9.99     4.9 
1969-11-19T19:14:58  2440545.30206  -99.9  -9.99  -999  -99  -99.9  -99.9      524808  3   3   0   0   99.0   2     4.0  -999.9     1.0  -999.9  9.99     5.0 
1969-11-19T19:15:26  2440545.30238  -99.9  -9.99  -999  -99  -99.9  -99.9      524808  3   3   0   0   99.0   2     4.0  -999.9     2.0  -999.9  9.99     4.6 
1969-11-19T19:15:54  2440545.30271  -99.9  -9.99  -999  -99  -99.9  -99.9      524808  3   3   0   0   99.0   2     4.0  -999.9  -999.9  -999.9  9.99     4.3 
1969-11-19T19:16:22  2440545.30303  -99.9  -9.99  -999  -99  -99.9  -99.9      525960  3   3   0   0   99.0   2     5.0  -999.9  -999.9  -999.9  9.99     4.1 
1969-11-19T19:16:50  2440545.30336  -99.9  -9.99  -999  -99  -99.9  -99.9      525960  3   3   0   0   99.0   2     6.0  -999.9     2.0  -999.9  9.99     3.9 
1969-11-19T19:17:18  2440545.30368  -99.9  -9.99  -999  -99  -99.9  -99.9      524808  3   3   0   0   99.0   2     3.0  -999.9     1.0  -999.9  9.99     4.3 
1969-11-19T19:17:47  2440545.30402  -99.9  -9.99  -999  -99  -99.9  -99.9      524808  3   3   0   0   99.0   2     3.0  -999.9     1.0  -999.9  9.99     4.4 
1969-11-19T19:18:15  2440545.30434  -99.9  -9.99  -999  -99  -99.9  -99.9      524808  3   3   0   0   99.0   2     3.0  -999.9     2.0  -999.9  9.99     4.3 
1969-11-19T19:18:43  2440545.30466  -99.9  -9.99  -999  -99  -99.9  -99.9      524808  3   3   0   0   99.0   3     2.0     2.0  -999.9  -999.9  9.99     3.7 
1969-11-19T19:19:11  2440545.30499  -99.9  -9.99  -999  -99  -99.9  -99.9      525832  3   3   0   0   99.0   2     5.0  -999.9  -999.9  -999.9  9.99     4.0 
1969-11-19T19:19:39  2440545.30531  -99.9  -9.99  -999  -99  -99.9  -99.9      525832  3   3   0   0   99.0   2     4.0  -999.9     1.0  -999.9  9.99     4.2 
1969-11-19T19:20:07  2440545.30564  -99.9  -9.99  -999  -99  -99.9  -99.9      524808  3   3   0   0   99.0   2     2.0  -999.9  -999.9  -999.9  9.99     4.4 
1969-11-19T19:20:35  2440545.30596  -99.9  -9.99  -999  -99  -99.9  -99.9      524808  3   3   0   0   99.0   2     3.0  -999.9  -999.9  -999.9  9.99     4.3 
1969-11-19T19:21:03  2440545.30628  -99.9  -9.99  -999  -99  -99.9  -99.9      524808  3   3   0   0   99.0   2     3.0  -999.9  -999.9  -999.9  9.99     4.3 
1969-11-19T19:21:31  2440545.30661  -99.9  -9.99  -999  -99  -99.9  -99.9      524808  3   3   0   0   99.0   2     3.0  -999.9  -999.9  -999.9  9.99     4.1 
1969-11-19T19:22:27  2440545.30726  -99.9  -9.99  -999  -99  -99.9  -99.9      524808  3   3   0   0   99.0   2     3.0  -999.9     1.0  -999.9  9.99     4.0 
1969-11-19T19:22:55  2440545.30758  -99.9  -9.99  -999  -99  -99.9  -99.9      524808  3   3   0   0   99.0   2     2.0  -999.9     1.0  -999.9  9.99     4.1 
1969-11-19T19:23:23  2440545.30791  -99.9  -9.99  -999  -99  -99.9  -99.9      524808  3   3   0   0   99.0   2     2.0  -999.9  -999.9  -999.9  9.99     4.0 
1969-11-19T19:23:51  2440545.30823  -99.9  -9.99  -999  -99  -99.9  -99.9      524808  3   3   0   0   99.0   2     4.0  -999.9     2.0  -999.9  9.99     4.2 
1969-11-19T19:24:20  2440545.30856  -99.9  -9.99  -999  -99  -99.9  -99.9      524808  3   3   0   0   99.0   2     2.0  -999.9     2.0  -999.9  9.99     3.8 
1969-11-19T19:24:48  2440545.30889  -99.9  -9.99  -999  -99  -99.9  -99.9      524808  3   3   0   0   99.0   2     3.0  -999.9  -999.9  -999.9  9.99     3.9 
1969-11-19T19:25:16  2440545.30921  -99.9  -9.99  -999  -99  -99.9  -99.9      524808  3   3   0   0   99.0   2     3.0  -999.9  -999.9  -999.9  9.99     3.8 
1969-11-19T19:25:44  2440545.30954  -99.9  -9.99  -999  -99  -99.9  -99.9      524808  3   3   0   0   99.0   3     1.0  -999.9  -999.9     1.0  9.99     3.8 
1969-11-19T19:26:12  2440545.30986  -99.9  -9.99  -999  -99  -99.9  -99.9      524808  3   3   0   0   99.0   3     2.0     1.0  -999.9  -999.9  9.99     3.7 
1969-11-19T19:26:40  2440545.31019  -99.9  -9.99  -999  -99  -99.9  -99.9      524808  3   3   0   0   99.0   2     2.0  -999.9     2.0     2.0  9.99     4.2 
1969-11-19T19:27:08  2440545.31051  -99.9  -9.99  -999  -99  -99.9  -99.9      524808  3   3   0   0   99.0   2     2.0  -999.9  -999.9  -999.9  9.99     4.5 
1969-11-19T19:27:36  2440545.31083  -99.9  -9.99  -999  -99  -99.9  -99.9      524808  3   3   0   0   99.0   3     2.0  -999.9  -999.9  -999.9  9.99     3.5 
1969-11-19T19:28:32  2440545.31148  -99.9  -9.99  -999  -99  -99.9  -99.9      524808  3   3   0   0   99.0   3     3.0  -999.9  -999.9  -999.9  9.99     3.8 
1969-11-19T19:29:00  2440545.31181  -99.9  -9.99  -999  -99  -99.9  -99.9      524808  3   3   0   0   99.0   3     2.0  -999.9  -999.9  -999.9  9.99     3.6 
1969-11-19T19:29:28  2440545.31213  -99.9  -9.99  -999  -99  -99.9  -99.9      524808  3   3   0   0   99.0   6     2.0     1.0  -999.9  -999.9  9.99     4.8 
1969-11-19T19:30:25  2440545.31279  -99.9  -9.99  -999  -99  -99.9  -99.9      524808  3   3   0   0   99.0   2     1.0  -999.9  -999.9  -999.9  9.99     4.1 
1969-11-19T19:30:53  2440545.31311  -99.9  -9.99  -999  -99  -99.9  -99.9      524808  3   3   0   0   99.0   2     2.0  -999.9  -999.9  -999.9  9.99     4.1 
1969-11-19T19:31:21  2440545.31344  -99.9  -9.99  -999  -99  -99.9  -99.9      524808  3   3   0   0   99.0   3     3.0     2.0  -999.9  -999.9  9.99     3.5 
1969-11-19T19:31:49  2440545.31376  -99.9  -9.99  -999  -99  -99.9  -99.9      524808  3   3   0   0   99.0   5     1.0  -999.9  -999.9  -999.9  9.99     3.6 
1969-11-19T19:32:17  2440545.31409  -99.9  -9.99  -999  -99  -99.9  -99.9      524808  3   3   0   0   99.0   3     2.0  -999.9  -999.9  -999.9  9.99     4.0 
1969-11-19T19:32:45  2440545.31441  -99.9  -9.99  -999  -99  -99.9  -99.9      524808  3   3   0   0   99.0   6     2.0  -999.9     2.0  -999.9  9.99     4.0 
1969-11-19T19:33:13  2440545.31473  -99.9  -9.99  -999  -99  -99.9  -99.9      524808  3   3   0   0   99.0   5     2.0  -999.9     1.0  -999.9  9.99     3.6 
1969-11-19T19:33:41  2440545.31506  -99.9  -9.99  -999  -99  -99.9  -99.9      524808  3   3   0   0   99.0   3     1.0  -999.9  -999.9  -999.9  9.99     3.5 
1969-11-19T19:34:37  2440545.31571  -99.9  -9.99  -999  -99  -99.9  -99.9      524808  3   3   0   0   99.0   3     2.0     2.0  -999.9  -999.9  9.99     3.8 
1969-11-19T19:35:05  2440545.31603  -99.9  -9.99  -999  -99  -99.9  -99.9      524808  3   3   0   0   99.0   5     3.0  -999.9  -999.9  -999.9  9.99     3.6 
1969-11-19T19:35:33  2440545.31635  -99.9  -9.99  -999  -99  -99.9  -99.9      524808  3   3   0   0   99.0   5     1.0  -999.9  -999.9  -999.9  9.99     3.6 
1969-11-19T19:36:01  2440545.31668  -99.9  -9.99  -999  -99  -99.9  -99.9      524808  3   3   0   0   99.0   5     2.0  -999.9  -999.9  -999.9  9.99     3.7 
1969-11-19T19:36:30  2440545.31701  -99.9  -9.99  -999  -99  -99.9  -99.9      524808  3   3   0   0   99.0   3     2.0     2.0  -999.9  -999.9  9.99     3.8 
1969-11-19T19:36:58  2440545.31734  -99.9  -9.99  -999  -99  -99.9  -99.9      524808  3   3   0   0   99.0   3     3.0  -999.9  -999.9  -999.9  9.99     3.7 
1969-11-19T19:37:26  2440545.31766  -99.9  -9.99  -999  -99  -99.9  -99.9      524808  3   3   0   0   99.0   3     3.0  -999.9  -999.9  -999.9  9.99     3.6 
1969-11-19T19:37:54  2440545.31799  -99.9  -9.99  -999  -99  -99.9  -99.9      524808  3   3   0   0   99.0   3     2.0  -999.9  -999.9  -999.9  9.99     3.8 
1969-11-19T19:38:50  2440545.31863  -99.9  -9.99  -999  -99  -99.9  -99.9      524808  3   3   0   0   99.0   5     2.0  -999.9  -999.9  -999.9  9.99     4.1 
1969-11-19T19:39:18  2440545.31896  -99.9  -9.99  -999  -99  -99.9  -99.9      524808  3   3   0   0   99.0   3     2.0  -999.9  -999.9  -999.9  9.99     3.6 
1969-11-19T19:39:46  2440545.31928  -99.9  -9.99  -999  -99  -99.9  -99.9      524808  3   3   0   0   99.0   1     1.0  -999.9  -999.9  -999.9  9.99     3.9 
1969-11-19T19:40:14  2440545.31961  -99.9  -9.99  -999  -99  -99.9  -99.9      524810  0   0   0   0  -99.9   7  -999.9  -999.9  -999.9     1.0  9.99  -999.9 
1969-11-19T19:40:42  2440545.31993  -99.9  -9.99  -999  -99  -99.9  -99.9      524808  3   3   0   0   99.0   6     3.0  -999.9  -999.9  -999.9  9.99     3.8 
1969-11-19T19:41:10  2440545.32025  -99.9  -9.99  -999  -99  -99.9  -99.9      524808  3   3   0   0   99.0   6     2.0  -999.9  -999.9  -999.9  9.99     3.7 
1969-11-19T19:41:38  2440545.32058  -99.9  -9.99  -999  -99  -99.9  -99.9      524808  3   3   0   0   99.0   1     2.0  -999.9  -999.9  -999.9  9.99     4.1 
1969-11-19T19:42:06  2440545.32090  -99.9  -9.99  -999  -99  -99.9  -99.9      524808  3   3   0   0   99.0   2     2.0  -999.9  -999.9  -999.9  9.99     3.7 
1969-11-19T19:42:34  2440545.32123  -99.9  -9.99  -999  -99  -99.9  -99.9      524808  3   3   0   0   99.0   6     2.0  -999.9     1.0  -999.9  9.99     4.0 
1969-11-19T19:43:03  2440545.32156  -99.9  -9.99  -999  -99  -99.9  -99.9      524808  3   3   0   0   99.0   1     1.0  -999.9  -999.9  -999.9  9.99     3.9 
1969-11-19T19:43:31  2440545.32189  -99.9  -9.99  -999  -99  -99.9  -99.9      524808  3   3   0   0   99.0   6     2.0  -999.9  -999.9  -999.9  9.99     4.0 
1969-11-19T19:43:59  2440545.32221  -99.9  -9.99  -999  -99  -99.9  -99.9      524808  3   3   0   0   99.0   2     3.0  -999.9  -999.9  -999.9  9.99     3.8 
1969-11-19T19:44:27  2440545.32253  -99.9  -9.99  -999  -99  -99.9  -99.9      524808  3   3   0   0   99.0   3     3.0     3.0     1.0  -999.9  9.99     3.7 
1969-11-19T19:44:55  2440545.32286  -99.9  -9.99  -999  -99  -99.9  -99.9      524808  3   3   0   0   99.0   5     3.0  -999.9  -999.9  -999.9  9.99     3.8 
1969-11-19T19:45:23  2440545.32318  -99.9  -9.99  -999  -99  -99.9  -99.9      524808  3   3   0   0   99.0   3     3.0  -999.9  -999.9  -999.9  9.99     3.8 
1969-11-19T19:45:51  2440545.32351  -99.9  -9.99  -999  -99  -99.9  -99.9      524808  3   3   0   0   99.0   3     4.0  -999.9  -999.9  -999.9  9.99     3.6 
1969-11-19T19:46:19  2440545.32383  -99.9  -9.99  -999  -99  -99.9  -99.9      525832  3   3   0   0   99.0   3     4.0  -999.9  -999.9  -999.9  9.99     4.1 
1969-11-19T19:46:47  2440545.32416  -99.9  -9.99  -999  -99  -99.9  -99.9      524808  3   3   0   0   99.0   3     4.0  -999.9  -999.9  -999.9  9.99     3.9 
1969-11-19T19:47:43  2440545.32480  -99.9  -9.99  -999  -99  -99.9  -99.9   335544840  3   3   0   0   99.0   3     4.0  -999.9  -999.9  -999.9  9.99     4.0 
1969-11-19T19:48:11  2440545.32513  -99.9  -9.99  -999  -99  -99.9  -99.9      524808  3   3   0   0   99.0   3     2.0  -999.9  -999.9  -999.9  9.99     4.3 
1969-11-19T19:48:39  2440545.32545  -99.9  -9.99  -999  -99  -99.9  -99.9      524808  3   3   0   0   99.0   5     1.0  -999.9  -999.9  -999.9  9.99     3.9 
1969-11-19T19:49:08  2440545.32579  -99.9  -9.99  -999  -99  -99.9  -99.9      524808  3   3   0   0   99.0   3     3.0  -999.9  -999.9  -999.9  9.99     4.0 
1969-11-19T19:50:04  2440545.32644  -99.9  -9.99  -999  -99  -99.9  -99.9      524808  3   3   0   0   99.0   3     3.0  -999.9  -999.9  -999.9  9.99     3.9 
1969-11-19T19:50:32  2440545.32676  -99.9  -9.99  -999  -99  -99.9  -99.9      524808  3   3   0   0   99.0   3     2.0     1.0  -999.9  -999.9  9.99     4.2 
1969-11-19T19:51:00  2440545.32708  -99.9  -9.99  -999  -99  -99.9  -99.9      524808  3   3   0   0   99.0   5     2.0  -999.9  -999.9  -999.9  9.99     4.3 
1969-11-19T19:51:56  2440545.32773  -99.9  -9.99  -999  -99  -99.9  -99.9      524810  0   0   0   0  -99.9   5     1.0  -999.9  -999.9  -999.9  9.99  -999.9 
1969-11-19T19:52:24  2440545.32806  -99.9  -9.99  -999  -99  -99.9  -99.9      524808  3   3   0   0   99.0   7  -999.9  -999.9  -999.9     3.0  9.99     3.9 
1969-11-19T19:52:52  2440545.32838  -99.9  -9.99  -999  -99  -99.9  -99.9      524808  3   3   0   0   99.0   1     1.0  -999.9  -999.9  -999.9  9.99     4.6 
1969-11-19T19:53:20  2440545.32870  -99.9  -9.99  -999  -99  -99.9  -99.9      524808  3   3   0   0   99.0   3     1.0  -999.9  -999.9  -999.9  9.99     3.8 
1969-11-19T19:53:48  2440545.32903  -99.9  -9.99  -999  -99  -99.9  -99.9      524808  3   3   0   0   99.0   3     2.0  -999.9  -999.9  -999.9  9.99     4.0 
1969-11-19T19:54:16  2440545.32935  -99.9  -9.99  -999  -99  -99.9  -99.9      524808  3   3   0   0   99.0   3     3.0  -999.9  -999.9  -999.9  9.99     3.8 
1969-11-19T19:55:12  2440545.33000  -99.9  -9.99  -999  -99  -99.9  -99.9      524808  3   3   0   0   99.0   3     2.0  -999.9  -999.9  -999.9  9.99     4.0 
1969-11-19T19:55:41  2440545.33034  -99.9  -9.99  -999  -99  -99.9  -99.9      524808  3   3   0   0   99.0   7  -999.9  -999.9  -999.9     2.0  9.99     3.5 
1969-11-19T19:56:37  2440545.33098  -99.9  -9.99  -999  -99  -99.9  -99.9      524808  3   3   0   0   99.0   3     2.0  -999.9  -999.9  -999.9  9.99     4.0 
1969-11-19T19:58:01  2440545.33196  -99.9  -9.99  -999  -99  -99.9  -99.9      524808  3   3   0   0   99.0   3     2.0  -999.9  -999.9  -999.9  9.99     3.5 
1969-11-19T19:58:29  2440545.33228  -99.9  -9.99  -999  -99  -99.9  -99.9      524808  3   3   0   0   99.0   3     2.0  -999.9  -999.9  -999.9  9.99     3.6 
1969-11-19T19:58:57  2440545.33260  -99.9  -9.99  -999  -99  -99.9  -99.9      524808  3   3   0   0   99.0   3     1.0  -999.9  -999.9  -999.9  9.99     3.6 
1969-11-19T19:59:53  2440545.33325  -99.9  -9.99  -999  -99  -99.9  -99.9      524808  3   3   0   0   99.0   6     1.0  -999.9     1.0  -999.9  9.99     4.2 
1969-11-19T20:00:49  2440545.33390  -99.9  -9.99  -999  -99  -99.9  -99.9      524808  3   3   0   0   99.0   6     1.0  -999.9  -999.9  -999.9  9.99     4.1 
1969-11-19T20:01:17  2440545.33422  -99.9  -9.99  -999  -99  -99.9  -99.9      524808  3   3   0   0   99.0   6     1.0  -999.9  -999.9  -999.9  9.99     3.9 
1969-11-19T20:01:46  2440545.33456  -99.9  -9.99  -999  -99  -99.9  -99.9      524808  3   3   0   0   99.0   2     2.0  -999.9  -999.9  -999.9  9.99     4.1 
1969-11-19T20:02:14  2440545.33488  -99.9  -9.99  -999  -99  -99.9  -99.9      524808  3   3   0   0   99.0   3     3.0  -999.9  -999.9  -999.9  9.99     3.6 
1969-11-19T20:02:42  2440545.33521  -99.9  -9.99  -999  -99  -99.9  -99.9      524808  3   3   0   0   99.0   3     3.0  -999.9  -999.9  -999.9  9.99     3.7 
1969-11-19T20:03:10  2440545.33553  -99.9  -9.99  -999  -99  -99.9  -99.9      524808  3   3   0   0   99.0   3     2.0  -999.9  -999.9  -999.9  9.99     3.7 
1969-11-19T20:03:38  2440545.33586  -99.9  -9.99  -999  -99  -99.9  -99.9      524808  3   3   0   0   99.0   3     1.0  -999.9  -999.9  -999.9  9.99     3.6 
1969-11-19T20:04:06  2440545.33618  -99.9  -9.99  -999  -99  -99.9  -99.9      524808  3   3   0   0   99.0   3     1.0  -999.9  -999.9  -999.9  9.99     3.5 
1969-11-19T20:04:34  2440545.33650  -99.9  -9.99  -999  -99  -99.9  -99.9      524808  3   3   0   0   99.0   3     1.0  -999.9  -999.9  -999.9  9.99     3.5 
1969-11-19T20:05:02  2440545.33683  -99.9  -9.99  -999  -99  -99.9  -99.9      524808  3   3   0   0   99.0   5     2.0  -999.9  -999.9  -999.9  9.99     4.0 
1969-11-19T20:05:58  2440545.33748  -99.9  -9.99  -999  -99  -99.9  -99.9      524808  3   3   0   0   99.0   5     2.0  -999.9  -999.9  -999.9  9.99     3.8 
1969-11-19T20:06:26  2440545.33780  -99.9  -9.99  -999  -99  -99.9  -99.9      524808  3   3   0   0   99.0   3     3.0  -999.9  -999.9  -999.9  9.99     3.7 
1969-11-19T20:07:50  2440545.33877  -99.9  -9.99  -999  -99  -99.9  -99.9      524808  3   3   0   0   99.0   5     1.0  -999.9  -999.9  -999.9  9.99     3.8 
1969-11-19T20:08:19  2440545.33911  -99.9  -9.99  -999  -99  -99.9  -99.9      524808  3   3   0   0   99.0   3     2.0  -999.9  -999.9  -999.9  9.99     3.8 
1969-11-19T20:09:15  2440545.33976  -99.9  -9.99  -999  -99  -99.9  -99.9      524808  3   3   0   0   99.0   3     2.0  -999.9  -999.9  -999.9  9.99     3.9 
1969-11-19T20:10:11  2440545.34041  -99.9  -9.99  -999  -99  -99.9  -99.9   335544840  3   3   0   0   99.0   3     2.0  -999.9  -999.9  -999.9  9.99     3.8 
1969-11-19T20:11:35  2440545.34138  -99.9  -9.99  -999  -99  -99.9  -99.9      524808  3   3   0   0   99.0   7  -999.9  -999.9  -999.9     2.0  9.99     4.1 
1969-11-19T20:12:03  2440545.34170  -99.9  -9.99  -999  -99  -99.9  -99.9      524808  3   3   0   0   99.0   3     1.0  -999.9     1.0  -999.9  9.99     3.7 
1969-11-19T20:12:31  2440545.34203  -99.9  -9.99  -999  -99  -99.9  -99.9      524808  3   3   0   0   99.0   5     3.0  -999.9     1.0  -999.9  9.99     4.5 
1969-11-19T20:12:59  2440545.34235  -99.9  -9.99  -999  -99  -99.9  -99.9      524808  3   3   0   0   99.0   5     3.0  -999.9  -999.9  -999.9  9.99     4.1 
1969-11-19T20:13:55  2440545.34300  -99.9  -9.99  -999  -99  -99.9  -99.9      524808  3   3   0   0   99.0   2     1.0  -999.9  -999.9  -999.9  9.99     4.3 
1969-11-19T20:14:52  2440545.34366  -99.9  -9.99  -999  -99  -99.9  -99.9      524808  3   3   0   0   99.0   2     1.0  -999.9  -999.9  -999.9  9.99     4.4 
1969-11-19T20:15:20  2440545.34398  -99.9  -9.99  -999  -99  -99.9  -99.9      524808  3   3   0   0   99.0   6     2.0     1.0  -999.9  -999.9  9.99     3.6 
1969-11-19T20:16:16  2440545.34463  -99.9  -9.99  -999  -99  -99.9  -99.9      524808  3   3   0   0   99.0   6     2.0  -999.9  -999.9  -999.9  9.99     3.6 
1969-11-19T20:16:44  2440545.34495  -99.9  -9.99  -999  -99  -99.9  -99.9      524808  3   3   0   0   99.0   2     1.0  -999.9  -999.9  -999.9  9.99     4.5 
1969-11-19T20:17:12  2440545.34528  -99.9  -9.99  -999  -99  -99.9  -99.9      524808  3   3   0   0   99.0   5     1.0  -999.9  -999.9  -999.9  9.99     3.6 
1969-11-19T20:18:08  2440545.34593  -99.9  -9.99  -999  -99  -99.9  -99.9      524808  3   3   0   0   99.0   6     2.0  -999.9  -999.9  -999.9  9.99     3.8 
1969-11-19T20:18:36  2440545.34625  -99.9  -9.99  -999  -99  -99.9  -99.9      524808  3   3   0   0   99.0   7     1.0  -999.9  -999.9     3.0  9.99     3.7 
1969-11-19T20:19:04  2440545.34657  -99.9  -9.99  -999  -99  -99.9  -99.9      524808  3   3   0   0   99.0   3     2.0  -999.9  -999.9  -999.9  9.99     3.7 
1969-11-19T20:19:32  2440545.34690  -99.9  -9.99  -999  -99  -99.9  -99.9      524808  3   3   0   0   99.0   7  -999.9  -999.9  -999.9     2.0  9.99     3.7 
1969-11-19T20:20:00  2440545.34722  -99.9  -9.99  -999  -99  -99.9  -99.9      524810  0   0   0   0  -99.9   7  -999.9  -999.9  -999.9     1.0  9.99  -999.9 
1969-11-19T20:20:57  2440545.34788  -99.9  -9.99  -999  -99  -99.9  -99.9      524808  3   3   0   0   99.0   5     2.0  -999.9  -999.9  -999.9  9.99     3.7 
1969-11-19T20:21:25  2440545.34821  -99.9  -9.99  -999  -99  -99.9  -99.9      524808  3   3   0   0   99.0   2     1.0  -999.9  -999.9  -999.9  9.99     4.0 
1969-11-19T20:21:53  2440545.34853  -99.9  -9.99  -999  -99  -99.9  -99.9      524808  3   3   0   0   99.0   6     3.0  -999.9  -999.9  -999.9  9.99     3.8 
1969-11-19T20:22:21  2440545.34885  -99.9  -9.99  -999  -99  -99.9  -99.9      524808  3   3   0   0   99.0   6     2.0  -999.9  -999.9     1.0  9.99     3.7 
1969-11-19T20:22:49  2440545.34918  -99.9  -9.99  -999  -99  -99.9  -99.9      524808  3   3   0   0   99.0   5     2.0  -999.9  -999.9  -999.9  9.99     3.7 
1969-11-19T20:23:17  2440545.34950  -99.9  -9.99  -999  -99  -99.9  -99.9      524808  3   3   0   0   99.0   3     1.0  -999.9  -999.9  -999.9  9.99     3.7 
1969-11-19T20:23:45  2440545.34983  -99.9  -9.99  -999  -99  -99.9  -99.9      524810  0   0   0   0  -99.9   1     2.0  -999.9  -999.9  -999.9  9.99  -999.9 
1969-11-19T20:24:13  2440545.35015  -99.9  -9.99  -999  -99  -99.9  -99.9      524810  0   0   0   0  -99.9   6     2.0  -999.9     1.0  -999.9  9.99  -999.9 
1969-11-19T20:24:41  2440545.35047  -99.9  -9.99  -999  -99  -99.9  -99.9      524810  0   0   0   0  -99.9   2     2.0  -999.9  -999.9  -999.9  9.99  -999.9 
1969-11-19T20:25:09  2440545.35080  -99.9  -9.99  -999  -99  -99.9  -99.9      524808  3   3   0   0   99.0   6     2.0  -999.9  -999.9  -999.9  9.99     4.1 
1969-11-19T20:25:37  2440545.35112  -99.9  -9.99  -999  -99  -99.9  -99.9      524808  3   3   0   0   99.0   3     2.0     1.0  -999.9  -999.9  9.99     3.7 
1969-11-19T20:26:05  2440545.35145  -99.9  -9.99  -999  -99  -99.9  -99.9      524808  3   3   0   0   99.0   3     2.0  -999.9  -999.9  -999.9  9.99     3.6 
1969-11-19T20:26:33  2440545.35177  -99.9  -9.99  -999  -99  -99.9  -99.9      524808  3   3   0   0   99.0   2     2.0  -999.9  -999.9  -999.9  9.99     3.9 
1969-11-19T20:27:02  2440545.35211  -99.9  -9.99  -999  -99  -99.9  -99.9      524808  3   3   0   0   99.0   3     1.0  -999.9  -999.9  -999.9  9.99     3.6 
1969-11-19T20:27:58  2440545.35275  -99.9  -9.99  -999  -99  -99.9  -99.9      524808  3   3   0   0   99.0   5     2.0  -999.9  -999.9  -999.9  9.99     3.8 
1969-11-19T20:28:54  2440545.35340  -99.9  -9.99  -999  -99  -99.9  -99.9      524808  3   3   0   0   99.0   2     1.0  -999.9  -999.9  -999.9  9.99     3.8 
1969-11-19T20:29:22  2440545.35373  -99.9  -9.99  -999  -99  -99.9  -99.9      524808  3   3   0   0   99.0   6     2.0  -999.9  -999.9  -999.9  9.99     3.6 
1969-11-19T20:30:46  2440545.35470  -99.9  -9.99  -999  -99  -99.9  -99.9      524808  3   3   0   0   99.0   3     2.0  -999.9  -999.9  -999.9  9.99     4.0 
1969-11-19T20:31:14  2440545.35502  -99.9  -9.99  -999  -99  -99.9  -99.9      524298  0   0   0   0  -99.9   4     1.0  -999.9  -999.9  -999.9  9.99  -999.9 
1969-11-19T20:32:10  2440545.35567  -99.9  -9.99  -999  -99  -99.9  -99.9      524808  3   3   0   0   99.0   1     1.0  -999.9  -999.9  -999.9  9.99     3.6 
1969-11-19T20:32:38  2440545.35600  -99.9  -9.99  -999  -99  -99.9  -99.9      524808  3   3   0   0   99.0   3     1.0  -999.9  -999.9  -999.9  9.99     3.7 
1969-11-19T20:33:07  2440545.35633  -99.9  -9.99  -999  -99  -99.9  -99.9      524808  3   3   0   0   99.0   3     1.0  -999.9  -999.9  -999.9  9.99     3.7 
1969-11-19T20:33:35  2440545.35666  -99.9  -9.99  -999  -99  -99.9  -99.9      524808  3   3   0   0   99.0   3     3.0  -999.9  -999.9     2.0  9.99     3.8 
1969-11-19T20:34:03  2440545.35698  -99.9  -9.99  -999  -99  -99.9  -99.9      524808  3   3   0   0   99.0   7     1.0  -999.9  -999.9     1.0  9.99     3.7 
1969-11-19T20:34:31  2440545.35730  -99.9  -9.99  -999  -99  -99.9  -99.9      524808  3   3   0   0   99.0   2     2.0  -999.9  -999.9  -999.9  9.99     3.9 
1969-11-19T20:34:59  2440545.35763  -99.9  -9.99  -999  -99  -99.9  -99.9      524296  3   3   0   0   99.0   4     1.0  -999.9  -999.9  -999.9  9.99     4.0 
1969-11-19T20:35:27  2440545.35795  -99.9  -9.99  -999  -99  -99.9  -99.9      524808  3   3   0   0   99.0   5     2.0  -999.9  -999.9  -999.9  9.99     4.4 
1969-11-19T20:35:55  2440545.35828  -99.9  -9.99  -999  -99  -99.9  -99.9      524808  3   3   0   0   99.0   3     3.0  -999.9     2.0  -999.9  9.99     3.7 
1969-11-19T20:36:23  2440545.35860  -99.9  -9.99  -999  -99  -99.9  -99.9      524808  3   3   0   0   99.0   5     2.0  -999.9  -999.9  -999.9  9.99     4.0 
1969-11-19T20:37:19  2440545.35925  -99.9  -9.99  -999  -99  -99.9  -99.9      524296  3   3   0   0   99.0   4     1.0  -999.9  -999.9  -999.9  9.99     4.2 
1969-11-19T20:38:15  2440545.35990  -99.9  -9.99  -999  -99  -99.9  -99.9      524808  3   3   0   0   99.0   5     1.0  -999.9  -999.9  -999.9  9.99     4.1 
1969-11-19T20:39:40  2440545.36088  -99.9  -9.99  -999  -99  -99.9  -99.9      524808  3   3   0   0   99.0   3     3.0  -999.9  -999.9  -999.9  9.99     4.2 
1969-11-19T20:40:08  2440545.36120  -99.9  -9.99  -999  -99  -99.9  -99.9      524808  3   3   0   0   99.0   3     2.0  -999.9  -999.9  -999.9  9.99     4.4 
1969-11-19T20:40:36  2440545.36153  -99.9  -9.99  -999  -99  -99.9  -99.9      524808  3   3   0   0   99.0   2     2.0  -999.9  -999.9  -999.9  9.99     3.8 
1969-11-19T20:41:04  2440545.36185  -99.9  -9.99  -999  -99  -99.9  -99.9      524808  3   3   0   0   99.0   6     1.0  -999.9  -999.9  -999.9  9.99     3.7 
1969-11-19T20:41:32  2440545.36218  -99.9  -9.99  -999  -99  -99.9  -99.9      524808  3   3   0   0   99.0   3     2.0  -999.9  -999.9  -999.9  9.99     4.4 
1969-11-19T20:42:00  2440545.36250  -99.9  -9.99  -999  -99  -99.9  -99.9      524808  3   3   0   0   99.0   3     2.0  -999.9  -999.9  -999.9  9.99     4.5 
1969-11-19T20:42:28  2440545.36282  -99.9  -9.99  -999  -99  -99.9  -99.9      524808  3   3   0   0   99.0   3     3.0  -999.9  -999.9  -999.9  9.99     4.6 
1969-11-19T20:42:56  2440545.36315  -99.9  -9.99  -999  -99  -99.9  -99.9      524808  3   3   0   0   99.0   1     2.0  -999.9  -999.9  -999.9  9.99     4.0 
1969-11-19T20:43:24  2440545.36347  -99.9  -9.99  -999  -99  -99.9  -99.9      524808  3   3   0   0   99.0   3     2.0  -999.9     2.0  -999.9  9.99     4.3 
1969-11-19T20:43:52  2440545.36380  -99.9  -9.99  -999  -99  -99.9  -99.9      524808  3   3   0   0   99.0   3     2.0  -999.9  -999.9  -999.9  9.99     4.6 
1969-11-19T20:44:20  2440545.36412  -99.9  -9.99  -999  -99  -99.9  -99.9      524808  3   3   0   0   99.0   2     3.0  -999.9  -999.9  -999.9  9.99     3.6 
1969-11-19T20:44:48  2440545.36444  -99.9  -9.99  -999  -99  -99.9  -99.9      524808  3   3   0   0   99.0   3     2.0  -999.9  -999.9  -999.9  9.99     4.4 
1969-11-19T20:45:16  2440545.36477  -99.9  -9.99  -999  -99  -99.9  -99.9      524808  3   3   0   0   99.0   3     3.0  -999.9  -999.9  -999.9  9.99     4.5 
1969-11-19T20:45:45  2440545.36510  -99.9  -9.99  -999  -99  -99.9  -99.9      524808  3   3   0   0   99.0   3     2.0  -999.9  -999.9  -999.9  9.99     4.6 
1969-11-19T20:46:13  2440545.36543  -99.9  -9.99  -999  -99  -99.9  -99.9      524808  3   3   0   0   99.0   3     2.0  -999.9  -999.9  -999.9  9.99     4.9 
1969-11-19T20:46:41  2440545.36575  -99.9  -9.99  -999  -99  -99.9  -99.9      524808  3   3   0   0   99.0   5     1.0  -999.9  -999.9  -999.9  9.99     3.7 
1969-11-19T20:47:09  2440545.36608  -99.9  -9.99  -999  -99  -99.9  -99.9      524808  3   3   0   0   99.0   5     2.0  -999.9  -999.9  -999.9  9.99     3.8 
1969-11-19T20:47:37  2440545.36640  -99.9  -9.99  -999  -99  -99.9  -99.9      524808  3   3   0   0   99.0   3     2.0  -999.9  -999.9  -999.9  9.99     4.9 
1969-11-19T20:48:05  2440545.36672  -99.9  -9.99  -999  -99  -99.9  -99.9      524810  0   0   0   0  -99.9   5     2.0  -999.9     1.0  -999.9  9.99  -999.9 
1969-11-19T20:48:33  2440545.36705  -99.9  -9.99  -999  -99  -99.9  -99.9      524808  3   3   0   0   99.0   5     1.0  -999.9     1.0  -999.9  9.99     3.6 
1969-11-19T20:49:29  2440545.36770  -99.9  -9.99  -999  -99  -99.9  -99.9      524808  3   3   0   0   99.0   3     3.0  -999.9  -999.9  -999.9  9.99     4.7 
1969-11-19T20:49:57  2440545.36802  -99.9  -9.99  -999  -99  -99.9  -99.9      524808  3   3   0   0   99.0   5     1.0  -999.9  -999.9  -999.9  9.99     3.7 
1969-11-19T20:50:53  2440545.36867  -99.9  -9.99  -999  -99  -99.9  -99.9      524810  0   0   0   0  -99.9   5     1.0  -999.9     1.0  -999.9  9.99  -999.9 
1969-11-19T20:51:21  2440545.36899  -99.9  -9.99  -999  -99  -99.9  -99.9      524808  3   3   0   0   99.0   3     3.0  -999.9  -999.9  -999.9  9.99     4.5 
1969-11-19T20:51:49  2440545.36932  -99.9  -9.99  -999  -99  -99.9  -99.9      524296  3   3   0   0   99.0   4     2.0  -999.9  -999.9  -999.9  9.99     4.1 
1969-11-19T20:52:46  2440545.36998  -99.9  -9.99  -999  -99  -99.9  -99.9      524808  3   3   0   0   99.0   3     2.0  -999.9  -999.9  -999.9  9.99     4.4 
1969-11-19T20:53:42  2440545.37062  -99.9  -9.99  -999  -99  -99.9  -99.9      524810  0   0   0   0  -99.9   6     2.0  -999.9  -999.9  -999.9  9.99  -999.9 
1969-11-19T20:54:38  2440545.37127  -99.9  -9.99  -999  -99  -99.9  -99.9      524808  3   3   0   0   99.0   1     2.0  -999.9     2.0  -999.9  9.99     4.2 
1969-11-19T20:55:34  2440545.37192  -99.9  -9.99  -999  -99  -99.9  -99.9      524808  3   3   0   0   99.0   6     1.0     1.0  -999.9  -999.9  9.99     3.8 
1969-11-19T20:56:30  2440545.37257  -99.9  -9.99  -999  -99  -99.9  -99.9      524808  3   3   0   0   99.0   3     2.0  -999.9  -999.9  -999.9  9.99     3.8 
1969-11-19T20:56:58  2440545.37289  -99.9  -9.99  -999  -99  -99.9  -99.9      524808  3   3   0   0   99.0   6     1.0  -999.9  -999.9  -999.9  9.99     3.6 
1969-11-19T20:57:54  2440545.37354  -99.9  -9.99  -999  -99  -99.9  -99.9      524808  3   3   0   0   99.0   5     1.0  -999.9  -999.9  -999.9  9.99     3.6 
1969-11-19T20:58:23  2440545.37388  -99.9  -9.99  -999  -99  -99.9  -99.9      524808  3   3   0   0   99.0   5     1.0  -999.9  -999.9  -999.9  9.99     3.5 
1969-11-19T20:58:51  2440545.37420  -99.9  -9.99  -999  -99  -99.9  -99.9      524808  3   3   0   0   99.0   3     2.0  -999.9  -999.9  -999.9  9.99     3.6 
1969-11-19T20:59:19  2440545.37453  -99.9  -9.99  -999  -99  -99.9  -99.9      524808  3   3   0   0   99.0   5     1.0  -999.9  -999.9  -999.9  9.99     3.7 
1969-11-19T20:59:47  2440545.37485  -99.9  -9.99  -999  -99  -99.9  -99.9      524296  3   3   0   0   99.0   4     1.0  -999.9  -999.9  -999.9  9.99     3.6 
1969-11-19T21:01:11  2440545.37582  -99.9  -9.99  -999  -99  -99.9  -99.9      524808  3   3   0   0   99.0   5     2.0  -999.9  -999.9  -999.9  9.99     3.7 
1969-11-19T21:01:39  2440545.37615  -99.9  -9.99  -999  -99  -99.9  -99.9      524808  3   3   0   0   99.0   5     1.0  -999.9  -999.9  -999.9  9.99     3.7 
1969-11-19T21:02:07  2440545.37647  -99.9  -9.99  -999  -99  -99.9  -99.9      524808  3   3   0   0   99.0   3     2.0  -999.9     1.0  -999.9  9.99     3.9 
1969-11-19T21:02:35  2440545.37679  -99.9  -9.99  -999  -99  -99.9  -99.9      524808  3   3   0   0   99.0   3     1.0  -999.9  -999.9  -999.9  9.99     4.0 
1969-11-19T21:03:59  2440545.37777  -99.9  -9.99  -999  -99  -99.9  -99.9      524808  3   3   0   0   99.0   5     2.0  -999.9  -999.9  -999.9  9.99     3.8 
1969-11-19T21:04:28  2440545.37810  -99.9  -9.99  -999  -99  -99.9  -99.9      524808  3   3   0   0   99.0   5     2.0  -999.9  -999.9  -999.9  9.99     4.0 
1969-11-19T21:04:56  2440545.37843  -99.9  -9.99  -999  -99  -99.9  -99.9      524808  3   3   0   0   99.0   3     2.0  -999.9  -999.9  -999.9  9.99     3.7 
1969-11-19T21:05:24  2440545.37875  -99.9  -9.99  -999  -99  -99.9  -99.9      524808  3   3   0   0   99.0   1     2.0  -999.9  -999.9  -999.9  9.99     3.6 
1969-11-19T21:05:52  2440545.37907  -99.9  -9.99  -999  -99  -99.9  -99.9      524808  3   3   0   0   99.0   5     1.0  -999.9  -999.9  -999.9  9.99     4.4 
1969-11-19T21:06:48  2440545.37972  -99.9  -9.99  -999  -99  -99.9  -99.9      524808  3   3   0   0   99.0   7  -999.9  -999.9  -999.9     1.0  9.99     4.0 
1969-11-19T21:07:16  2440545.38005  -99.9  -9.99  -999  -99  -99.9  -99.9      524808  3   3   0   0   99.0   3     2.0  -999.9  -999.9  -999.9  9.99     3.8 
1969-11-19T21:07:44  2440545.38037  -99.9  -9.99  -999  -99  -99.9  -99.9      524810  0   0   0   0  -99.9   2     1.0  -999.9  -999.9  -999.9  9.99  -999.9 
1969-11-19T21:08:12  2440545.38069  -99.9  -9.99  -999  -99  -99.9  -99.9      524808  3   3   0   0   99.0   7     1.0  -999.9  -999.9     1.0  9.99     4.3 
1969-11-19T21:08:40  2440545.38102  -99.9  -9.99  -999  -99  -99.9  -99.9      524808  3   3   0   0   99.0   7  -999.9  -999.9  -999.9     2.0  9.99     3.9 
1969-11-19T21:09:36  2440545.38167  -99.9  -9.99  -999  -99  -99.9  -99.9      524810  0   0   0   0  -99.9   6     1.0  -999.9  -999.9  -999.9  9.99  -999.9 
1969-11-19T21:10:04  2440545.38199  -99.9  -9.99  -999  -99  -99.9  -99.9      524808  3   3   0   0   99.0   5     2.0  -999.9  -999.9  -999.9  9.99     4.6 
1969-11-19T21:11:29  2440545.38297  -99.9  -9.99  -999  -99  -99.9  -99.9      524296  3   3   0   0   99.0   4     2.0  -999.9  -999.9  -999.9  9.99     3.8 
1969-11-19T21:11:57  2440545.38330  -99.9  -9.99  -999  -99  -99.9  -99.9      524808  3   3   0   0   99.0   5     2.0  -999.9  -999.9  -999.9  9.99     4.3 
1969-11-19T21:13:21  2440545.38427  -99.9  -9.99  -999  -99  -99.9  -99.9      524808  3   3   0   0   99.0   6     2.0  -999.9  -999.9  -999.9  9.99     3.6 
1969-11-19T21:13:49  2440545.38459  -99.9  -9.99  -999  -99  -99.9  -99.9      524808  3   3   0   0   99.0   3     1.0  -999.9  -999.9  -999.9  9.99     4.3 
1969-11-19T21:14:17  2440545.38492  -99.9  -9.99  -999  -99  -99.9  -99.9      524808  3   3   0   0   99.0   5     1.0  -999.9  -999.9  -999.9  9.99     4.1 
1969-11-19T21:15:41  2440545.38589  -99.9  -9.99  -999  -99  -99.9  -99.9      524808  3   3   0   0   99.0   5     1.0  -999.9  -999.9  -999.9  9.99     4.6 
1969-11-19T21:16:09  2440545.38622  -99.9  -9.99  -999  -99  -99.9  -99.9      524808  3   3   0   0   99.0   5     2.0  -999.9  -999.9  -999.9  9.99     4.7 
1969-11-19T21:17:06  2440545.38687  -99.9  -9.99  -999  -99  -99.9  -99.9      524808  3   3   0   0   99.0   5     2.0  -999.9  -999.9  -999.9  9.99     4.7 
1969-11-19T21:18:30  2440545.38785  -99.9  -9.99  -999  -99  -99.9  -99.9      524808  3   3   0   0   99.0   2     2.0  -999.9  -999.9  -999.9  9.99     3.5 
1969-11-19T21:18:58  2440545.38817  -99.9  -9.99  -999  -99  -99.9  -99.9      524808  3   3   0   0   99.0   2     2.0  -999.9  -999.9  -999.9  9.99     3.8 
1969-11-19T21:19:26  2440545.38850  -99.9  -9.99  -999  -99  -99.9  -99.9      524808  3   3   0   0   99.0   2     2.0  -999.9  -999.9  -999.9  9.99     3.8 
1969-11-19T21:20:22  2440545.38914  -99.9  -9.99  -999  -99  -99.9  -99.9      524808  3   3   0   0   99.0   2     1.0  -999.9  -999.9  -999.9  9.99     3.9 
1969-11-19T21:20:50  2440545.38947  -99.9  -9.99  -999  -99  -99.9  -99.9      524810  0   0   0   0  -99.9   2     2.0  -999.9  -999.9  -999.9  9.99  -999.9 
1969-11-19T21:21:18  2440545.38979  -99.9  -9.99  -999  -99  -99.9  -99.9      524808  3   3   0   0   99.0   6     1.0  -999.9  -999.9  -999.9  9.99     4.2 
1969-11-19T21:21:46  2440545.39012  -99.9  -9.99  -999  -99  -99.9  -99.9      524296  3   3   0   0   99.0   4     1.0  -999.9  -999.9  -999.9  9.99     4.2 
1969-11-19T21:22:14  2440545.39044  -99.9  -9.99  -999  -99  -99.9  -99.9      524808  3   3   0   0   99.0   2     1.0  -999.9  -999.9  -999.9  9.99     4.0 
1969-11-19T21:22:42  2440545.39076  -99.9  -9.99  -999  -99  -99.9  -99.9      524808  3   3   0   0   99.0   3     2.0  -999.9  -999.9  -999.9  9.99     3.7 
1969-11-19T21:23:10  2440545.39109  -99.9  -9.99  -999  -99  -99.9  -99.9      524808  3   3   0   0   99.0   5     2.0  -999.9  -999.9  -999.9  9.99     4.6 
1969-11-19T21:24:07  2440545.39175  -99.9  -9.99  -999  -99  -99.9  -99.9      524808  3   3   0   0   99.0   5     2.0  -999.9  -999.9  -999.9  9.99     4.9 
1969-11-19T21:24:35  2440545.39207  -99.9  -9.99  -999  -99  -99.9  -99.9      524808  3   3   0   0   99.0   6     1.0  -999.9  -999.9  -999.9  9.99     3.9 
1969-11-19T21:25:31  2440545.39272  -99.9  -9.99  -999  -99  -99.9  -99.9      524808  3   3   0   0   99.0   5     2.0  -999.9  -999.9  -999.9  9.99     5.0 
1969-11-19T21:25:59  2440545.39304  -99.9  -9.99  -999  -99  -99.9  -99.9      524808  3   3   0   0   99.0   3     1.0  -999.9  -999.9  -999.9  9.99     3.8 
1969-11-19T21:26:27  2440545.39337  -99.9  -9.99  -999  -99  -99.9  -99.9      524808  3   3   0   0   99.0   3     2.0  -999.9  -999.9  -999.9  9.99     3.6 
1969-11-19T21:26:55  2440545.39369  -99.9  -9.99  -999  -99  -99.9  -99.9      524808  3   3   0   0   99.0   3     2.0  -999.9  -999.9  -999.9  9.99     3.8 
1969-11-19T21:27:23  2440545.39402  -99.9  -9.99  -999  -99  -99.9  -99.9      524808  3   3   0   0   99.0   2     1.0  -999.9  -999.9  -999.9  9.99     4.1 
1969-11-19T21:27:51  2440545.39434  -99.9  -9.99  -999  -99  -99.9  -99.9      524808  3   3   0   0   99.0   6     3.0     2.0  -999.9     1.0  9.99     3.8 
1969-11-19T21:28:19  2440545.39466  -99.9  -9.99  -999  -99  -99.9  -99.9      524808  3   3   0   0   99.0   7  -999.9  -999.9  -999.9     1.0  9.99     4.2 
1969-11-19T21:28:47  2440545.39499  -99.9  -9.99  -999  -99  -99.9  -99.9      524808  3   3   0   0   99.0   5     2.0  -999.9  -999.9  -999.9  9.99     4.9 
1969-11-19T21:29:15  2440545.39531  -99.9  -9.99  -999  -99  -99.9  -99.9      524808  3   3   0   0   99.0   6     2.0  -999.9  -999.9  -999.9  9.99     3.7 
1969-11-19T21:29:44  2440545.39565  -99.9  -9.99  -999  -99  -99.9  -99.9      524808  3   3   0   0   99.0   3     1.0  -999.9  -999.9  -999.9  9.99     3.5 
1969-11-19T21:30:40  2440545.39630  -99.9  -9.99  -999  -99  -99.9  -99.9      524808  3   3   0   0   99.0   6     2.0  -999.9  -999.9  -999.9  9.99     4.2 
1969-11-19T21:32:04  2440545.39727  -99.9  -9.99  -999  -99  -99.9  -99.9   335544840  3   3   0   0   99.0   6     2.0  -999.9  -999.9  -999.9  9.99     4.3 
1969-11-19T21:32:32  2440545.39759  -99.9  -9.99  -999  -99  -99.9  -99.9   335544840  3   3   0   0   99.0   6     2.0  -999.9  -999.9  -999.9  9.99     4.3 
1969-11-19T21:33:00  2440545.39792  -99.9  -9.99  -999  -99  -99.9  -99.9      524296  3   3   0   0   99.0   4     2.0  -999.9  -999.9  -999.9  9.99     3.7 
1969-11-19T21:33:28  2440545.39824  -99.9  -9.99  -999  -99  -99.9  -99.9      524810  0   0   0   0  -99.9   6     2.0  -999.9  -999.9  -999.9  9.99  -999.9 
1969-11-19T21:34:24  2440545.39889  -99.9  -9.99  -999  -99  -99.9  -99.9      524808  3   3   0   0   99.0   3     2.0  -999.9  -999.9  -999.9  9.99     3.6 
1969-11-19T21:34:52  2440545.39921  -99.9  -9.99  -999  -99  -99.9  -99.9      524808  3   3   0   0   99.0   3     2.0  -999.9  -999.9  -999.9  9.99     3.5 
1969-11-19T21:35:20  2440545.39954  -99.9  -9.99  -999  -99  -99.9  -99.9      524808  3   3   0   0   99.0   3     1.0  -999.9  -999.9  -999.9  9.99     3.7 
1969-11-19T21:35:48  2440545.39986  -99.9  -9.99  -999  -99  -99.9  -99.9      524810  0   0   0   0  -99.9   5     2.0  -999.9  -999.9  -999.9  9.99  -999.9 
1969-11-19T21:36:17  2440545.40020  -99.9  -9.99  -999  -99  -99.9  -99.9      524808  3   3   0   0   99.0   3     2.0  -999.9  -999.9  -999.9  9.99     4.2 
1969-11-19T21:36:45  2440545.40052  -99.9  -9.99  -999  -99  -99.9  -99.9      524810  0   0   0   0  -99.9   2     2.0  -999.9  -999.9  -999.9  9.99  -999.9 
1969-11-19T21:37:13  2440545.40084  -99.9  -9.99  -999  -99  -99.9  -99.9      524296  3   3   0   0   99.0   4     3.0  -999.9  -999.9  -999.9  9.99     4.2 
1969-11-19T21:38:09  2440545.40149  -99.9  -9.99  -999  -99  -99.9  -99.9      524808  3   3   0   0   99.0   6     2.0     1.0  -999.9  -999.9  9.99     4.2 
1969-11-19T21:38:37  2440545.40182  -99.9  -9.99  -999  -99  -99.9  -99.9      524808  3   3   0   0   99.0   2     2.0  -999.9  -999.9  -999.9  9.99     3.8 
1969-11-19T21:39:05  2440545.40214  -99.9  -9.99  -999  -99  -99.9  -99.9      524808  3   3   0   0   99.0   7     2.0  -999.9  -999.9     2.0  9.99     4.1 
1969-11-19T21:39:33  2440545.40247  -99.9  -9.99  -999  -99  -99.9  -99.9      524810  0   0   0   0  -99.9   6     2.0  -999.9  -999.9  -999.9  9.99  -999.9 
1969-11-19T21:40:01  2440545.40279  -99.9  -9.99  -999  -99  -99.9  -99.9      524808  3   3   0   0   99.0   6     2.0  -999.9  -999.9  -999.9  9.99     3.7 
1969-11-19T21:40:57  2440545.40344  -99.9  -9.99  -999  -99  -99.9  -99.9      525832  3   3   0   0   99.0   6     4.0  -999.9  -999.9  -999.9  9.99     3.7 
1969-11-19T21:41:25  2440545.40376  -99.9  -9.99  -999  -99  -99.9  -99.9      524808  3   3   0   0   99.0   6     2.0  -999.9  -999.9  -999.9  9.99     3.9 
1969-11-19T21:42:50  2440545.40475  -99.9  -9.99  -999  -99  -99.9  -99.9      524808  3   3   0   0   99.0   3     2.0  -999.9  -999.9  -999.9  9.99     4.0 
1969-11-19T21:43:18  2440545.40507  -99.9  -9.99  -999  -99  -99.9  -99.9      524808  3   3   0   0   99.0   2     2.0     1.0  -999.9  -999.9  9.99     3.8 
1969-11-19T21:43:46  2440545.40539  -99.9  -9.99  -999  -99  -99.9  -99.9      524808  3   3   0   0   99.0   3     2.0  -999.9  -999.9  -999.9  9.99     3.8 
1969-11-19T21:44:42  2440545.40604  -99.9  -9.99  -999  -99  -99.9  -99.9      524808  3   3   0   0   99.0   5     1.0  -999.9  -999.9  -999.9  9.99     4.0 
1969-11-19T21:45:10  2440545.40637  -99.9  -9.99  -999  -99  -99.9  -99.9      524296  3   3   0   0   99.0   4     1.0  -999.9  -999.9  -999.9  9.99     4.7 
1969-11-19T21:45:38  2440545.40669  -99.9  -9.99  -999  -99  -99.9  -99.9      524808  3   3   0   0   99.0   6     1.0  -999.9  -999.9  -999.9  9.99     3.6 
1969-11-19T21:46:06  2440545.40701  -99.9  -9.99  -999  -99  -99.9  -99.9      524808  3   3   0   0   99.0   2     2.0  -999.9  -999.9  -999.9  9.99     3.7 
1969-11-19T21:48:55  2440545.40897  -99.9  -9.99  -999  -99  -99.9  -99.9      524808  3   3   0   0   99.0   1     2.0     1.0  -999.9  -999.9  9.99     3.7 
1969-11-19T21:49:23  2440545.40929  -99.9  -9.99  -999  -99  -99.9  -99.9      524808  3   3   0   0   99.0   5     3.0  -999.9  -999.9  -999.9  9.99     4.3 
1969-11-19T21:50:19  2440545.40994  -99.9  -9.99  -999  -99  -99.9  -99.9      524808  3   3   0   0   99.0   6     2.0  -999.9  -999.9  -999.9  9.99     3.7 
1969-11-19T21:50:47  2440545.41027  -99.9  -9.99  -999  -99  -99.9  -99.9      524808  3   3   0   0   99.0   3     2.0  -999.9  -999.9  -999.9  9.99     3.9 
1969-11-19T21:51:15  2440545.41059  -99.9  -9.99  -999  -99  -99.9  -99.9      524808  3   3   0   0   99.0   3     1.0  -999.9  -999.9  -999.9  9.99     3.8 
1969-11-19T21:51:43  2440545.41091  -99.9  -9.99  -999  -99  -99.9  -99.9      524808  3   3   0   0   99.0   6     1.0  -999.9  -999.9  -999.9  9.99     4.0 
1969-11-19T21:53:07  2440545.41189  -99.9  -9.99  -999  -99  -99.9  -99.9      524808  3   3   0   0   99.0   3     3.0  -999.9  -999.9  -999.9  9.99     3.6 
1969-11-19T21:53:35  2440545.41221  -99.9  -9.99  -999  -99  -99.9  -99.9      524808  3   3   0   0   99.0   3     1.0  -999.9  -999.9  -999.9  9.99     3.7 
1969-11-19T21:54:03  2440545.41253  -99.9  -9.99  -999  -99  -99.9  -99.9      524808  3   3   0   0   99.0   5     2.0  -999.9  -999.9  -999.9  9.99     3.8 
1969-11-19T21:54:31  2440545.41286  -99.9  -9.99  -999  -99  -99.9  -99.9      524808  3   3   0   0   99.0   7  -999.9  -999.9  -999.9     2.0  9.99     3.9 
1969-11-19T21:55:00  2440545.41319  -99.9  -9.99  -999  -99  -99.9  -99.9      524808  3   3   0   0   99.0   5     1.0  -999.9     1.0  -999.9  9.99     3.7 
1969-11-19T21:55:28  2440545.41352  -99.9  -9.99  -999  -99  -99.9  -99.9      524808  3   3   0   0   99.0   6     3.0     1.0  -999.9  -999.9  9.99     3.8 
1969-11-19T21:56:24  2440545.41417  -99.9  -9.99  -999  -99  -99.9  -99.9      524808  3   3   0   0   99.0   5     2.0  -999.9     2.0  -999.9  9.99     3.9 
1969-11-19T21:56:52  2440545.41449  -99.9  -9.99  -999  -99  -99.9  -99.9      524808  3   3   0   0   99.0   3     1.0  -999.9  -999.9  -999.9  9.99     3.6 
1969-11-19T21:57:20  2440545.41481  -99.9  -9.99  -999  -99  -99.9  -99.9      524808  3   3   0   0   99.0   6     1.0  -999.9  -999.9  -999.9  9.99     3.6 
1969-11-19T21:57:48  2440545.41514  -99.9  -9.99  -999  -99  -99.9  -99.9      524808  3   3   0   0   99.0   5     2.0  -999.9     1.0  -999.9  9.99     3.6 
1969-11-19T21:58:16  2440545.41546  -99.9  -9.99  -999  -99  -99.9  -99.9      524808  3   3   0   0   99.0   6     1.0  -999.9  -999.9  -999.9  9.99     3.9 
1969-11-19T21:58:44  2440545.41579  -99.9  -9.99  -999  -99  -99.9  -99.9      524808  3   3   0   0   99.0   2     2.0  -999.9  -999.9  -999.9  9.99     3.6 
1969-11-19T21:59:12  2440545.41611  -99.9  -9.99  -999  -99  -99.9  -99.9      524808  3   3   0   0   99.0   1     2.0  -999.9  -999.9  -999.9  9.99     3.6 
1969-11-19T21:59:40  2440545.41644  -99.9  -9.99  -999  -99  -99.9  -99.9      524298  0   0   0   0  -99.9   4     2.0  -999.9  -999.9  -999.9  9.99  -999.9 
1969-11-19T22:00:08  2440545.41676  -99.9  -9.99  -999  -99  -99.9  -99.9      524808  3   3   0   0   99.0   7  -999.9  -999.9  -999.9     1.0  9.99     4.2 
1969-11-19T22:01:05  2440545.41742  -99.9  -9.99  -999  -99  -99.9  -99.9      524808  3   3   0   0   99.0   5     2.0  -999.9  -999.9  -999.9  9.99     3.5 
1969-11-19T22:02:01  2440545.41807  -99.9  -9.99  -999  -99  -99.9  -99.9      524808  3   3   0   0   99.0   5     2.0  -999.9  -999.9  -999.9  9.99     3.6 
1969-11-19T22:02:29  2440545.41839  -99.9  -9.99  -999  -99  -99.9  -99.9      524808  3   3   0   0   99.0   6     2.0  -999.9  -999.9  -999.9  9.99     3.8 
1969-11-19T22:04:49  2440545.42001  -99.9  -9.99  -999  -99  -99.9  -99.9      524808  3   3   0   0   99.0   5     2.0  -999.9  -999.9  -999.9  9.99     3.9 
1969-11-19T22:06:13  2440545.42098  -99.9  -9.99  -999  -99  -99.9  -99.9      524808  3   3   0   0   99.0   7  -999.9  -999.9  -999.9     1.0  9.99     3.7 
1969-11-19T22:06:41  2440545.42131  -99.9  -9.99  -999  -99  -99.9  -99.9      524808  3   3   0   0   99.0   6     2.0  -999.9  -999.9  -999.9  9.99     3.9 
1969-11-19T22:07:09  2440545.42163  -99.9  -9.99  -999  -99  -99.9  -99.9      524808  3   3   0   0   99.0   5     1.0  -999.9  -999.9  -999.9  9.99     3.6 
1969-11-19T22:07:38  2440545.42197  -99.9  -9.99  -999  -99  -99.9  -99.9      524808  3   3   0   0   99.0   7  -999.9  -999.9  -999.9     1.0  9.99     3.8 
1969-11-19T22:08:06  2440545.42229  -99.9  -9.99  -999  -99  -99.9  -99.9      524810  0   0   0   0  -99.9   6     2.0  -999.9  -999.9  -999.9  9.99  -999.9 
1969-11-19T22:08:34  2440545.42262  -99.9  -9.99  -999  -99  -99.9  -99.9      524808  3   3   0   0   99.0   2     1.0  -999.9  -999.9  -999.9  9.99     3.9 
1969-11-19T22:09:02  2440545.42294  -99.9  -9.99  -999  -99  -99.9  -99.9      524810  0   0   0   0  -99.9   1     1.0     1.0  -999.9  -999.9  9.99  -999.9 
1969-11-19T22:09:30  2440545.42326  -99.9  -9.99  -999  -99  -99.9  -99.9      524808  3   3   0   0   99.0   1     3.0  -999.9     1.0  -999.9  9.99     4.3 
1969-11-19T22:09:58  2440545.42359  -99.9  -9.99  -999  -99  -99.9  -99.9      524810  0   0   0   0  -99.9   5     3.0  -999.9  -999.9  -999.9  9.99  -999.9 
1969-11-19T22:10:26  2440545.42391  -99.9  -9.99  -999  -99  -99.9  -99.9      524808  3   3   0   0   99.0   1     2.0  -999.9  -999.9  -999.9  9.99     4.6 
1969-11-19T22:10:54  2440545.42424  -99.9  -9.99  -999  -99  -99.9  -99.9      524808  3   3   0   0   99.0   1     2.0  -999.9  -999.9  -999.9  9.99     4.6 
1969-11-19T22:11:50  2440545.42488  -99.9  -9.99  -999  -99  -99.9  -99.9      524808  3   3   0   0   99.0   6     2.0  -999.9  -999.9  -999.9  9.99     4.3 
1969-11-19T22:12:46  2440545.42553  -99.9  -9.99  -999  -99  -99.9  -99.9      524808  3   3   0   0   99.0   2     3.0  -999.9  -999.9  -999.9  9.99     4.5 
1969-11-19T22:13:14  2440545.42586  -99.9  -9.99  -999  -99  -99.9  -99.9      524808  3   3   0   0   99.0   5     2.0     1.0     1.0     1.0  9.99     4.6 
1969-11-19T22:13:43  2440545.42619  -99.9  -9.99  -999  -99  -99.9  -99.9      524808  3   3   0   0   99.0   1     2.0  -999.9     1.0  -999.9  9.99     4.7 
1969-11-19T22:14:11  2440545.42652  -99.9  -9.99  -999  -99  -99.9  -99.9      524808  3   3   0   0   99.0   1     2.0  -999.9  -999.9  -999.9  9.99     4.5 
1969-11-19T22:14:39  2440545.42684  -99.9  -9.99  -999  -99  -99.9  -99.9      524808  3   3   0   0   99.0   3     2.0  -999.9  -999.9  -999.9  9.99     4.2 
1969-11-19T22:15:07  2440545.42716  -99.9  -9.99  -999  -99  -99.9  -99.9      524810  0   0   0   0  -99.9   5     1.0  -999.9     1.0  -999.9  9.99  -999.9 
1969-11-19T22:16:03  2440545.42781  -99.9  -9.99  -999  -99  -99.9  -99.9      524808  3   3   0   0   99.0   5     2.0  -999.9  -999.9  -999.9  9.99     4.5 
1969-11-19T22:16:31  2440545.42814  -99.9  -9.99  -999  -99  -99.9  -99.9      524808  3   3   0   0   99.0   3     2.0  -999.9  -999.9  -999.9  9.99     4.4 
1969-11-19T22:16:59  2440545.42846  -99.9  -9.99  -999  -99  -99.9  -99.9      524808  3   3   0   0   99.0   5     2.0  -999.9  -999.9  -999.9  9.99     4.4 
1969-11-19T22:17:27  2440545.42878  -99.9  -9.99  -999  -99  -99.9  -99.9      524808  3   3   0   0   99.0   5     2.0  -999.9  -999.9  -999.9  9.99     4.5 
1969-11-19T22:17:55  2440545.42911  -99.9  -9.99  -999  -99  -99.9  -99.9      524808  3   3   0   0   99.0   3     2.0  -999.9  -999.9  -999.9  9.99     3.9 
1969-11-19T22:18:23  2440545.42943  -99.9  -9.99  -999  -99  -99.9  -99.9      524296  3   3   0   0   99.0   4     1.0  -999.9  -999.9  -999.9  9.99     4.0 
1969-11-19T22:18:51  2440545.42976  -99.9  -9.99  -999  -99  -99.9  -99.9      524808  3   3   0   0   99.0   2     1.0  -999.9     1.0  -999.9  9.99     4.2 
1969-11-19T22:19:19  2440545.43008  -99.9  -9.99  -999  -99  -99.9  -99.9      524296  3   3   0   0   99.0   4     1.0  -999.9  -999.9  -999.9  9.99     4.0 
1969-11-19T22:19:47  2440545.43041  -99.9  -9.99  -999  -99  -99.9  -99.9      524808  3   3   0   0   99.0   6     2.0  -999.9  -999.9  -999.9  9.99     4.0 
1969-11-19T22:20:16  2440545.43074  -99.9  -9.99  -999  -99  -99.9  -99.9      524808  3   3   0   0   99.0   5     2.0  -999.9  -999.9  -999.9  9.99     4.2 
1969-11-19T22:20:44  2440545.43106  -99.9  -9.99  -999  -99  -99.9  -99.9      524808  3   3   0   0   99.0   5     2.0  -999.9  -999.9  -999.9  9.99     4.2 
1969-11-19T22:21:12  2440545.43139  -99.9  -9.99  -999  -99  -99.9  -99.9      524808  3   3   0   0   99.0   1     3.0  -999.9  -999.9  -999.9  9.99     3.6 
1969-11-19T22:22:08  2440545.43204  -99.9  -9.99  -999  -99  -99.9  -99.9      524296  3   3   0   0   99.0   4     2.0  -999.9  -999.9  -999.9  9.99     3.9 
1969-11-19T22:22:36  2440545.43236  -99.9  -9.99  -999  -99  -99.9  -99.9      524808  3   3   0   0   99.0   1     3.0  -999.9  -999.9  -999.9  9.99     4.0 
1969-11-19T22:23:04  2440545.43269  -99.9  -9.99  -999  -99  -99.9  -99.9      524808  3   3   0   0   99.0   2     3.0  -999.9     1.0  -999.9  9.99     4.1 
1969-11-19T22:23:32  2440545.43301  -99.9  -9.99  -999  -99  -99.9  -99.9      524808  3   3   0   0   99.0   1     2.0  -999.9  -999.9  -999.9  9.99     3.7 
1969-11-19T22:24:56  2440545.43398  -99.9  -9.99  -999  -99  -99.9  -99.9      524808  3   3   0   0   99.0   1     3.0  -999.9  -999.9  -999.9  9.99     3.8 
1969-11-19T22:25:52  2440545.43463  -99.9  -9.99  -999  -99  -99.9  -99.9      524808  3   3   0   0   99.0   3     2.0  -999.9  -999.9  -999.9  9.99     3.7 
1969-11-19T22:26:49  2440545.43529  -99.9  -9.99  -999  -99  -99.9  -99.9      524808  3   3   0   0   99.0   1     2.0  -999.9  -999.9     1.0  9.99     3.8 
1969-11-19T22:27:17  2440545.43561  -99.9  -9.99  -999  -99  -99.9  -99.9      524808  3   3   0   0   99.0   5     3.0  -999.9     1.0  -999.9  9.99     4.2 
1969-11-19T22:27:45  2440545.43594  -99.9  -9.99  -999  -99  -99.9  -99.9      524808  3   3   0   0   99.0   5     2.0  -999.9  -999.9  -999.9  9.99     4.1 
1969-11-19T22:28:41  2440545.43659  -99.9  -9.99  -999  -99  -99.9  -99.9      525960  3   3   0   0   99.0   5     5.0  -999.9  -999.9  -999.9  9.99     3.6 
1969-11-19T22:29:09  2440545.43691  -99.9  -9.99  -999  -99  -99.9  -99.9      524808  3   3   0   0   99.0   5     2.0  -999.9  -999.9  -999.9  9.99     3.6 
1969-11-19T22:29:37  2440545.43723  -99.9  -9.99  -999  -99  -99.9  -99.9      524808  3   3   0   0   99.0   5     2.0  -999.9     1.0  -999.9  9.99     3.8 
1969-11-19T22:30:33  2440545.43788  -99.9  -9.99  -999  -99  -99.9  -99.9      524808  3   3   0   0   99.0   5     2.0  -999.9  -999.9  -999.9  9.99     3.8 
1969-11-19T22:31:01  2440545.43821  -99.9  -9.99  -999  -99  -99.9  -99.9      524808  3   3   0   0   99.0   7  -999.9  -999.9  -999.9     1.0  9.99     3.9 
1969-11-19T22:31:29  2440545.43853  -99.9  -9.99  -999  -99  -99.9  -99.9      524808  3   3   0   0   99.0   5     2.0  -999.9  -999.9     1.0  9.99     3.9 
1969-11-19T22:31:57  2440545.43885  -99.9  -9.99  -999  -99  -99.9  -99.9      524808  3   3   0   0   99.0   7  -999.9  -999.9  -999.9     2.0  9.99     4.2 
1969-11-19T22:33:50  2440545.44016  -99.9  -9.99  -999  -99  -99.9  -99.9      524808  3   3   0   0   99.0   7  -999.9  -999.9  -999.9     3.0  9.99     4.0 
1969-11-19T22:34:18  2440545.44049  -99.9  -9.99  -999  -99  -99.9  -99.9      524808  3   3   0   0   99.0   5     2.0  -999.9  -999.9  -999.9  9.99     3.9 
1969-11-19T22:34:46  2440545.44081  -99.9  -9.99  -999  -99  -99.9  -99.9      524808  3   3   0   0   99.0   5     2.0  -999.9  -999.9  -999.9  9.99     3.9 
1969-11-19T22:35:42  2440545.44146  -99.9  -9.99  -999  -99  -99.9  -99.9      524808  3   3   0   0   99.0   3     2.0  -999.9  -999.9  -999.9  9.99     3.6 
1969-11-19T22:36:10  2440545.44178  -99.9  -9.99  -999  -99  -99.9  -99.9      524808  3   3   0   0   99.0   7  -999.9  -999.9  -999.9     2.0  9.99     3.9 
1969-11-19T22:36:38  2440545.44211  -99.9  -9.99  -999  -99  -99.9  -99.9      524808  3   3   0   0   99.0   5     2.0  -999.9  -999.9  -999.9  9.99     4.0 
1969-11-19T22:37:34  2440545.44275  -99.9  -9.99  -999  -99  -99.9  -99.9      524808  3   3   0   0   99.0   3     2.0  -999.9  -999.9  -999.9  9.99     4.3 
1969-11-19T22:38:02  2440545.44308  -99.9  -9.99  -999  -99  -99.9  -99.9      524808  3   3   0   0   99.0   6     2.0  -999.9  -999.9  -999.9  9.99     4.0 
1969-11-19T22:38:30  2440545.44340  -99.9  -9.99  -999  -99  -99.9  -99.9      524810  0   0   0   0  -99.9   5     1.0  -999.9  -999.9  -999.9  9.99  -999.9 
1969-11-19T22:38:59  2440545.44374  -99.9  -9.99  -999  -99  -99.9  -99.9      524808  3   3   0   0   99.0   7  -999.9  -999.9  -999.9     3.0  9.99     3.8 
1969-11-19T22:39:27  2440545.44406  -99.9  -9.99  -999  -99  -99.9  -99.9      524808  3   3   0   0   99.0   2     2.0  -999.9  -999.9  -999.9  9.99     3.7 
1969-11-19T22:40:23  2440545.44471  -99.9  -9.99  -999  -99  -99.9  -99.9      524808  3   3   0   0   99.0   6     3.0  -999.9  -999.9  -999.9  9.99     3.7 
1969-11-19T22:40:51  2440545.44503  -99.9  -9.99  -999  -99  -99.9  -99.9      524808  3   3   0   0   99.0   1     2.0  -999.9  -999.9  -999.9  9.99     3.6 
1969-11-19T22:41:19  2440545.44536  -99.9  -9.99  -999  -99  -99.9  -99.9      524810  0   0   0   0  -99.9   3     1.0  -999.9  -999.9  -999.9  9.99  -999.9 
1969-11-19T22:41:47  2440545.44568  -99.9  -9.99  -999  -99  -99.9  -99.9      524808  3   3   0   0   99.0   1     2.0     1.0  -999.9  -999.9  9.99     3.6 
1969-11-19T22:42:43  2440545.44633  -99.9  -9.99  -999  -99  -99.9  -99.9      524808  3   3   0   0   99.0   5     4.0  -999.9  -999.9  -999.9  9.99     3.8 
1969-11-19T22:43:39  2440545.44698  -99.9  -9.99  -999  -99  -99.9  -99.9      524808  3   3   0   0   99.0   2     2.0  -999.9  -999.9  -999.9  9.99     3.6 
1969-11-19T22:44:07  2440545.44730  -99.9  -9.99  -999  -99  -99.9  -99.9      524296  3   3   0   0   99.0   4     1.0  -999.9  -999.9  -999.9  9.99     3.6 
1969-11-19T22:44:35  2440545.44763  -99.9  -9.99  -999  -99  -99.9  -99.9      524808  3   3   0   0   99.0   6     3.0  -999.9  -999.9  -999.9  9.99     3.7 
1969-11-19T22:45:04  2440545.44796  -99.9  -9.99  -999  -99  -99.9  -99.9      524808  3   3   0   0   99.0   5     1.0  -999.9  -999.9  -999.9  9.99     3.8 
1969-11-19T22:45:32  2440545.44829  -99.9  -9.99  -999  -99  -99.9  -99.9      524808  3   3   0   0   99.0   3     1.0  -999.9  -999.9  -999.9  9.99     3.7 
1969-11-19T22:46:00  2440545.44861  -99.9  -9.99  -999  -99  -99.9  -99.9      524810  0   0   0   0  -99.9   6     1.0     1.0  -999.9  -999.9  9.99  -999.9 
1969-11-19T22:46:28  2440545.44894  -99.9  -9.99  -999  -99  -99.9  -99.9      524808  3   3   0   0   99.0   6     2.0  -999.9  -999.9  -999.9  9.99     3.8 
1969-11-19T22:46:56  2440545.44926  -99.9  -9.99  -999  -99  -99.9  -99.9      524808  3   3   0   0   99.0   3     1.0  -999.9  -999.9  -999.9  9.99     3.6 
1969-11-19T22:47:24  2440545.44958  -99.9  -9.99  -999  -99  -99.9  -99.9      524808  3   3   0   0   99.0   5     1.0  -999.9  -999.9  -999.9  9.99     3.8 
1969-11-19T22:47:52  2440545.44991  -99.9  -9.99  -999  -99  -99.9  -99.9      524808  3   3   0   0   99.0   6     1.0  -999.9  -999.9  -999.9  9.99     3.6 
1969-11-19T22:48:20  2440545.45023  -99.9  -9.99  -999  -99  -99.9  -99.9      524808  3   3   0   0   99.0   5     1.0  -999.9  -999.9  -999.9  9.99     3.7 
1969-11-19T22:48:48  2440545.45056  -99.9  -9.99  -999  -99  -99.9  -99.9      524810  0   0   0   0  -99.9   5     1.0  -999.9  -999.9  -999.9  9.99  -999.9 
1969-11-19T22:49:16  2440545.45088  -99.9  -9.99  -999  -99  -99.9  -99.9      524808  3   3   0   0   99.0   6     3.0     1.0  -999.9  -999.9  9.99     3.9 
1969-11-19T22:50:12  2440545.45153  -99.9  -9.99  -999  -99  -99.9  -99.9      524808  3   3   0   0   99.0   6     2.0     2.0  -999.9  -999.9  9.99     4.1 
1969-11-19T22:50:40  2440545.45185  -99.9  -9.99  -999  -99  -99.9  -99.9      524808  3   3   0   0   99.0   1     2.0  -999.9  -999.9  -999.9  9.99     3.5 
1969-11-19T22:51:08  2440545.45218  -99.9  -9.99  -999  -99  -99.9  -99.9      524808  3   3   0   0   99.0   6     3.0  -999.9  -999.9  -999.9  9.99     3.7 
1969-11-19T22:51:37  2440545.45251  -99.9  -9.99  -999  -99  -99.9  -99.9      524808  3   3   0   0   99.0   5     3.0  -999.9  -999.9  -999.9  9.99     3.7 
1969-11-19T22:52:05  2440545.45284  -99.9  -9.99  -999  -99  -99.9  -99.9      524808  3   3   0   0   99.0   1     2.0  -999.9  -999.9  -999.9  9.99     3.6 
1969-11-19T22:52:33  2440545.45316  -99.9  -9.99  -999  -99  -99.9  -99.9      524808  3   3   0   0   99.0   6     1.0  -999.9  -999.9  -999.9  9.99     3.5 
1969-11-19T22:53:01  2440545.45348  -99.9  -9.99  -999  -99  -99.9  -99.9      524808  3   3   0   0   99.0   5     1.0  -999.9  -999.9  -999.9  9.99     4.0 
1969-11-19T22:53:29  2440545.45381  -99.9  -9.99  -999  -99  -99.9  -99.9      524808  3   3   0   0   99.0   1     2.0  -999.9  -999.9     1.0  9.99     3.7 
1969-11-19T22:53:57  2440545.45413  -99.9  -9.99  -999  -99  -99.9  -99.9      524808  3   3   0   0   99.0   6     2.0  -999.9  -999.9  -999.9  9.99     3.8 
1969-11-19T22:55:21  2440545.45510  -99.9  -9.99  -999  -99  -99.9  -99.9      524808  3   3   0   0   99.0   5     3.0  -999.9  -999.9  -999.9  9.99     3.9 
1969-11-19T22:56:17  2440545.45575  -99.9  -9.99  -999  -99  -99.9  -99.9      524808  3   3   0   0   99.0   5     3.0  -999.9  -999.9  -999.9  9.99     4.0 
1969-11-19T22:57:42  2440545.45674  -99.9  -9.99  -999  -99  -99.9  -99.9      524808  3   3   0   0   99.0   5     3.0  -999.9  -999.9  -999.9  9.99     3.9 
1969-11-19T22:58:38  2440545.45738  -99.9  -9.99  -999  -99  -99.9  -99.9      524808  3   3   0   0   99.0   6     1.0  -999.9  -999.9  -999.9  9.99     3.8 
1969-11-19T22:59:34  2440545.45803  -99.9  -9.99  -999  -99  -99.9  -99.9      524808  3   3   0   0   99.0   2     1.0  -999.9  -999.9  -999.9  9.99     3.7 
1969-11-19T23:00:30  2440545.45868  -99.9  -9.99  -999  -99  -99.9  -99.9      524808  3   3   0   0   99.0   5     3.0  -999.9  -999.9  -999.9  9.99     3.6 
1969-11-19T23:00:58  2440545.45900  -99.9  -9.99  -999  -99  -99.9  -99.9      524808  3   3   0   0   99.0   5     3.0  -999.9  -999.9  -999.9  9.99     3.6 
1969-11-19T23:01:26  2440545.45933  -99.9  -9.99  -999  -99  -99.9  -99.9      524808  3   3   0   0   99.0   3     2.0  -999.9  -999.9  -999.9  9.99     3.8 
1969-11-19T23:01:54  2440545.45965  -99.9  -9.99  -999  -99  -99.9  -99.9      524808  3   3   0   0   99.0   2     1.0     1.0  -999.9  -999.9  9.99     3.7 
1969-11-19T23:02:22  2440545.45998  -99.9  -9.99  -999  -99  -99.9  -99.9      524808  3   3   0   0   99.0   5     2.0  -999.9  -999.9  -999.9  9.99     3.7 
1969-11-19T23:02:50  2440545.46030  -99.9  -9.99  -999  -99  -99.9  -99.9      524808  3   3   0   0   99.0   5     3.0  -999.9  -999.9  -999.9  9.99     3.5 
1969-11-19T23:03:46  2440545.46095  -99.9  -9.99  -999  -99  -99.9  -99.9      524808  3   3   0   0   99.0   5     3.0  -999.9  -999.9  -999.9  9.99     3.6 
1969-11-19T23:04:15  2440545.46128  -99.9  -9.99  -999  -99  -99.9  -99.9      524808  3   3   0   0   99.0   2     1.0  -999.9     1.0  -999.9  9.99     3.7 
1969-11-19T23:04:43  2440545.46161  -99.9  -9.99  -999  -99  -99.9  -99.9      524808  3   3   0   0   99.0   1     3.0  -999.9  -999.9  -999.9  9.99     3.6 
1969-11-19T23:05:39  2440545.46226  -99.9  -9.99  -999  -99  -99.9  -99.9      524808  3   3   0   0   99.0   6     4.0  -999.9  -999.9  -999.9  9.99     3.8 
1969-11-19T23:07:03  2440545.46323  -99.9  -9.99  -999  -99  -99.9  -99.9      524808  3   3   0   0   99.0   2     3.0  -999.9  -999.9  -999.9  9.99     4.2 
1969-11-19T23:07:31  2440545.46355  -99.9  -9.99  -999  -99  -99.9  -99.9      524808  3   3   0   0   99.0   2     3.0  -999.9  -999.9  -999.9  9.99     4.0 
1969-11-19T23:07:59  2440545.46388  -99.9  -9.99  -999  -99  -99.9  -99.9      524808  3   3   0   0   99.0   2     3.0  -999.9  -999.9  -999.9  9.99     3.9 
1969-11-19T23:08:27  2440545.46420  -99.9  -9.99  -999  -99  -99.9  -99.9      524808  3   3   0   0   99.0   6     3.0  -999.9  -999.9  -999.9  9.99     3.6 
1969-11-19T23:08:55  2440545.46453  -99.9  -9.99  -999  -99  -99.9  -99.9      524808  3   3   0   0   99.0   3     1.0  -999.9  -999.9  -999.9  9.99     3.8 
1969-11-19T23:09:23  2440545.46485  -99.9  -9.99  -999  -99  -99.9  -99.9      524808  3   3   0   0   99.0   5     1.0  -999.9  -999.9  -999.9  9.99     3.6 
1969-11-19T23:10:20  2440545.46551  -99.9  -9.99  -999  -99  -99.9  -99.9      524808  3   3   0   0   99.0   5     3.0  -999.9  -999.9  -999.9  9.99     3.7 
1969-11-19T23:10:48  2440545.46583  -99.9  -9.99  -999  -99  -99.9  -99.9      524808  3   3   0   0   99.0   6     2.0  -999.9  -999.9  -999.9  9.99     3.6 
1969-11-19T23:11:16  2440545.46616  -99.9  -9.99  -999  -99  -99.9  -99.9      524808  3   3   0   0   99.0   5     2.0  -999.9  -999.9  -999.9  9.99     3.6 
1969-11-19T23:11:44  2440545.46648  -99.9  -9.99  -999  -99  -99.9  -99.9      524808  3   3   0   0   99.0   6     2.0  -999.9  -999.9  -999.9  9.99     3.6 
1969-11-19T23:12:40  2440545.46713  -99.9  -9.99  -999  -99  -99.9  -99.9      524808  3   3   0   0   99.0   1     2.0  -999.9  -999.9  -999.9  9.99     3.5 
1969-11-19T23:13:08  2440545.46745  -99.9  -9.99  -999  -99  -99.9  -99.9      524810  0   0   0   0  -99.9   5     3.0  -999.9  -999.9  -999.9  9.99  -999.9 
1969-11-19T23:13:36  2440545.46778  -99.9  -9.99  -999  -99  -99.9  -99.9      524808  3   3   0   0   99.0   2     2.0  -999.9  -999.9  -999.9  9.99     3.6 
1969-11-19T23:15:00  2440545.46875  -99.9  -9.99  -999  -99  -99.9  -99.9      524808  3   3   0   0   99.0   3     2.0  -999.9  -999.9  -999.9  9.99     3.5 
1969-11-19T23:15:56  2440545.46940  -99.9  -9.99  -999  -99  -99.9  -99.9      524808  3   3   0   0   99.0   3     2.0  -999.9  -999.9  -999.9  9.99     3.6 
1969-11-19T23:16:25  2440545.46973  -99.9  -9.99  -999  -99  -99.9  -99.9      524808  3   3   0   0   99.0   6     2.0  -999.9     1.0  -999.9  9.99     4.0 
1969-11-19T23:16:53  2440545.47006  -99.9  -9.99  -999  -99  -99.9  -99.9      524808  3   3   0   0   99.0   1     2.0  -999.9  -999.9  -999.9  9.99     3.5 
1969-11-19T23:17:49  2440545.47071  -99.9  -9.99  -999  -99  -99.9  -99.9      524808  3   3   0   0   99.0   5     3.0  -999.9  -999.9  -999.9  9.99     3.6 
1969-11-19T23:18:17  2440545.47103  -99.9  -9.99  -999  -99  -99.9  -99.9      524808  3   3   0   0   99.0   5     2.0  -999.9     2.0  -999.9  9.99     3.6 
1969-11-19T23:18:45  2440545.47135  -99.9  -9.99  -999  -99  -99.9  -99.9      524808  3   3   0   0   99.0   5     2.0  -999.9  -999.9  -999.9  9.99     3.6 
1969-11-19T23:19:13  2440545.47168  -99.9  -9.99  -999  -99  -99.9  -99.9      524808  3   3   0   0   99.0   5     2.0  -999.9  -999.9  -999.9  9.99     3.6 
1969-11-19T23:19:41  2440545.47200  -99.9  -9.99  -999  -99  -99.9  -99.9      524810  0   0   0   0  -99.9   1     3.0  -999.9  -999.9  -999.9  9.99  -999.9 
1969-11-19T23:20:09  2440545.47233  -99.9  -9.99  -999  -99  -99.9  -99.9      524808  3   3   0   0   99.0   1     1.0  -999.9  -999.9  -999.9  9.99     3.8 
1969-11-19T23:20:37  2440545.47265  -99.9  -9.99  -999  -99  -99.9  -99.9      524808  3   3   0   0   99.0   3     2.0  -999.9  -999.9  -999.9  9.99     3.7 
1969-11-19T23:21:33  2440545.47330  -99.9  -9.99  -999  -99  -99.9  -99.9      524808  3   3   0   0   99.0   5     1.0  -999.9  -999.9  -999.9  9.99     3.6 
1969-11-19T23:22:01  2440545.47362  -99.9  -9.99  -999  -99  -99.9  -99.9      524810  0   0   0   0  -99.9   5     1.0  -999.9  -999.9  -999.9  9.99  -999.9 
1969-11-19T23:22:29  2440545.47395  -99.9  -9.99  -999  -99  -99.9  -99.9      524808  3   3   0   0   99.0   3     2.0  -999.9  -999.9  -999.9  9.99     3.6 
1969-11-19T23:22:58  2440545.47428  -99.9  -9.99  -999  -99  -99.9  -99.9      524808  3   3   0   0   99.0   5     2.0  -999.9     1.0  -999.9  9.99     3.6 
1969-11-19T23:23:26  2440545.47461  -99.9  -9.99  -999  -99  -99.9  -99.9      524808  3   3   0   0   99.0   1     1.0  -999.9  -999.9  -999.9  9.99     3.6 
1969-11-19T23:23:54  2440545.47493  -99.9  -9.99  -999  -99  -99.9  -99.9      524808  3   3   0   0   99.0   5     2.0  -999.9  -999.9  -999.9  9.99     3.7 
1969-11-19T23:24:22  2440545.47525  -99.9  -9.99  -999  -99  -99.9  -99.9      524808  3   3   0   0   99.0   3     1.0  -999.9  -999.9  -999.9  9.99     3.6 
1969-11-19T23:24:50  2440545.47558  -99.9  -9.99  -999  -99  -99.9  -99.9      524808  3   3   0   0   99.0   5     2.0  -999.9  -999.9  -999.9  9.99     3.6 
1969-11-19T23:25:46  2440545.47623  -99.9  -9.99  -999  -99  -99.9  -99.9      524808  3   3   0   0   99.0   1     2.0  -999.9  -999.9  -999.9  9.99     3.6 
1969-11-19T23:26:14  2440545.47655  -99.9  -9.99  -999  -99  -99.9  -99.9      524808  3   3   0   0   99.0   6     3.0  -999.9  -999.9  -999.9  9.99     3.7 
1969-11-19T23:26:42  2440545.47688  -99.9  -9.99  -999  -99  -99.9  -99.9      524808  3   3   0   0   99.0   5     2.0  -999.9  -999.9  -999.9  9.99     3.6 
1969-11-19T23:27:38  2440545.47752  -99.9  -9.99  -999  -99  -99.9  -99.9      524808  3   3   0   0   99.0   2     1.0  -999.9  -999.9  -999.9  9.99     3.5 
1969-11-19T23:28:06  2440545.47785  -99.9  -9.99  -999  -99  -99.9  -99.9      524808  3   3   0   0   99.0   5     2.0  -999.9  -999.9  -999.9  9.99     3.6 
1969-11-19T23:28:34  2440545.47817  -99.9  -9.99  -999  -99  -99.9  -99.9      524808  3   3   0   0   99.0   6     2.0  -999.9  -999.9  -999.9  9.99     3.8 
1969-11-19T23:29:03  2440545.47851  -99.9  -9.99  -999  -99  -99.9  -99.9      524808  3   3   0   0   99.0   3     2.0  -999.9  -999.9  -999.9  9.99     3.5 
1969-11-19T23:29:31  2440545.47883  -99.9  -9.99  -999  -99  -99.9  -99.9      524808  3   3   0   0   99.0   5     3.0  -999.9  -999.9  -999.9  9.99     3.6 
1969-11-19T23:30:55  2440545.47980  -99.9  -9.99  -999  -99  -99.9  -99.9      524808  3   3   0   0   99.0   5     3.0  -999.9  -999.9  -999.9  9.99     3.5 
1969-11-19T23:31:23  2440545.48013  -99.9  -9.99  -999  -99  -99.9  -99.9      524808  3   3   0   0   99.0   3     2.0  -999.9  -999.9  -999.9  9.99     3.5 
1969-11-19T23:31:51  2440545.48045  -99.9  -9.99  -999  -99  -99.9  -99.9      524808  3   3   0   0   99.0   7  -999.9  -999.9  -999.9     1.0  9.99     3.7 
1969-11-19T23:32:19  2440545.48078  -99.9  -9.99  -999  -99  -99.9  -99.9      524810  0   0   0   0  -99.9   5     2.0  -999.9  -999.9  -999.9  9.99  -999.9 
1969-11-19T23:33:15  2440545.48142  -99.9  -9.99  -999  -99  -99.9  -99.9      524808  3   3   0   0   99.0   6     3.0  -999.9  -999.9  -999.9  9.99     3.7 
1969-11-19T23:34:39  2440545.48240  -99.9  -9.99  -999  -99  -99.9  -99.9      524808  3   3   0   0   99.0   5     3.0  -999.9  -999.9  -999.9  9.99     3.9 
1969-11-19T23:35:36  2440545.48306  -99.9  -9.99  -999  -99  -99.9  -99.9      524808  3   3   0   0   99.0   1     2.0  -999.9  -999.9  -999.9  9.99     3.8 
1969-11-19T23:36:04  2440545.48338  -99.9  -9.99  -999  -99  -99.9  -99.9      524808  3   3   0   0   99.0   5     3.0  -999.9     1.0  -999.9  9.99     3.7 
1969-11-19T23:36:32  2440545.48370  -99.9  -9.99  -999  -99  -99.9  -99.9      524808  3   3   0   0   99.0   2     1.0  -999.9  -999.9  -999.9  9.99     3.7 
1969-11-19T23:37:00  2440545.48403  -99.9  -9.99  -999  -99  -99.9  -99.9      524808  3   3   0   0   99.0   1     1.0  -999.9  -999.9  -999.9  9.99     3.5 
1969-11-19T23:37:28  2440545.48435  -99.9  -9.99  -999  -99  -99.9  -99.9      524808  3   3   0   0   99.0   1     2.0  -999.9  -999.9  -999.9  9.99     3.5 
1969-11-19T23:37:56  2440545.48468  -99.9  -9.99  -999  -99  -99.9  -99.9      524808  3   3   0   0   99.0   7  -999.9  -999.9  -999.9     1.0  9.99     3.9 
1969-11-19T23:38:52  2440545.48532  -99.9  -9.99  -999  -99  -99.9  -99.9      524808  3   3   0   0   99.0   5     2.0  -999.9  -999.9  -999.9  9.99     3.5 
1969-11-19T23:39:48  2440545.48597  -99.9  -9.99  -999  -99  -99.9  -99.9      524808  3   3   0   0   99.0   2     1.0  -999.9  -999.9  -999.9  9.99     3.8 
1969-11-19T23:40:16  2440545.48630  -99.9  -9.99  -999  -99  -99.9  -99.9      524808  3   3   0   0   99.0   5     2.0  -999.9  -999.9  -999.9  9.99     3.9 
1969-11-19T23:40:44  2440545.48662  -99.9  -9.99  -999  -99  -99.9  -99.9      524808  3   3   0   0   99.0   3     1.0  -999.9  -999.9  -999.9  9.99     3.5 
1969-11-19T23:41:41  2440545.48728  -99.9  -9.99  -999  -99  -99.9  -99.9      524808  3   3   0   0   99.0   1     2.0  -999.9  -999.9  -999.9  9.99     3.5 
1969-11-19T23:42:09  2440545.48760  -99.9  -9.99  -999  -99  -99.9  -99.9      524808  3   3   0   0   99.0   3     1.0  -999.9  -999.9  -999.9  9.99     3.5 
1969-11-19T23:42:37  2440545.48793  -99.9  -9.99  -999  -99  -99.9  -99.9      524808  3   3   0   0   99.0   5     1.0  -999.9  -999.9  -999.9  9.99     3.8 
1969-11-19T23:43:05  2440545.48825  -99.9  -9.99  -999  -99  -99.9  -99.9      524808  3   3   0   0   99.0   3     3.0  -999.9  -999.9  -999.9  9.99     3.5 
1969-11-19T23:43:33  2440545.48858  -99.9  -9.99  -999  -99  -99.9  -99.9      524808  3   3   0   0   99.0   3     2.0  -999.9  -999.9  -999.9  9.99     3.5 
1969-11-19T23:44:01  2440545.48890  -99.9  -9.99  -999  -99  -99.9  -99.9      524808  3   3   0   0   99.0   2     1.0  -999.9  -999.9  -999.9  9.99     3.5 
1969-11-19T23:44:29  2440545.48922  -99.9  -9.99  -999  -99  -99.9  -99.9      524808  3   3   0   0   99.0   1     2.0  -999.9     1.0  -999.9  9.99     3.7 
1969-11-19T23:44:57  2440545.48955  -99.9  -9.99  -999  -99  -99.9  -99.9      524810  0   0   0   0  -99.9   5     2.0  -999.9  -999.9  -999.9  9.99  -999.9 
1969-11-19T23:45:53  2440545.49020  -99.9  -9.99  -999  -99  -99.9  -99.9      524808  3   3   0   0   99.0   6     2.0  -999.9  -999.9  -999.9  9.99     3.6 
1969-11-19T23:46:21  2440545.49052  -99.9  -9.99  -999  -99  -99.9  -99.9      524808  3   3   0   0   99.0   5     2.0  -999.9  -999.9  -999.9  9.99     3.7 
1969-11-19T23:46:49  2440545.49084  -99.9  -9.99  -999  -99  -99.9  -99.9      524808  3   3   0   0   99.0   6     1.0  -999.9  -999.9  -999.9  9.99     4.3 
1969-11-19T23:47:17  2440545.49117  -99.9  -9.99  -999  -99  -99.9  -99.9      525832  3   3   0   0   99.0   6     4.0     1.0  -999.9  -999.9  9.99     4.0 
1969-11-19T23:47:45  2440545.49149  -99.9  -9.99  -999  -99  -99.9  -99.9      524808  3   3   0   0   99.0   5     2.0  -999.9     1.0  -999.9  9.99     3.7 
1969-11-19T23:48:14  2440545.49183  -99.9  -9.99  -999  -99  -99.9  -99.9      524808  3   3   0   0   99.0   1     2.0  -999.9  -999.9  -999.9  9.99     3.7 
1969-11-19T23:48:42  2440545.49215  -99.9  -9.99  -999  -99  -99.9  -99.9      524808  3   3   0   0   99.0   2     2.0  -999.9  -999.9  -999.9  9.99     3.5 
1969-11-19T23:49:10  2440545.49248  -99.9  -9.99  -999  -99  -99.9  -99.9      524808  3   3   0   0   99.0   5     2.0  -999.9  -999.9  -999.9  9.99     3.7 
1969-11-19T23:49:38  2440545.49280  -99.9  -9.99  -999  -99  -99.9  -99.9      524808  3   3   0   0   99.0   1     2.0  -999.9     2.0     1.0  9.99     3.6 
1969-11-19T23:50:06  2440545.49313  -99.9  -9.99  -999  -99  -99.9  -99.9      524808  3   3   0   0   99.0   1     2.0  -999.9  -999.9  -999.9  9.99     3.5 
1969-11-19T23:50:34  2440545.49345  -99.9  -9.99  -999  -99  -99.9  -99.9      525832  3   3   0   0   99.0   5     5.0  -999.9  -999.9  -999.9  9.99     3.7 
1969-11-19T23:51:30  2440545.49410  -99.9  -9.99  -999  -99  -99.9  -99.9      524810  0   0   0   0  -99.9   5     2.0  -999.9  -999.9  -999.9  9.99  -999.9 
1969-11-19T23:51:58  2440545.49442  -99.9  -9.99  -999  -99  -99.9  -99.9      524808  3   3   0   0   99.0   1     1.0  -999.9  -999.9  -999.9  9.99     3.5 
1969-11-19T23:53:22  2440545.49539  -99.9  -9.99  -999  -99  -99.9  -99.9      524808  3   3   0   0   99.0   3     1.0  -999.9  -999.9  -999.9  9.99     3.5 
1969-11-19T23:53:50  2440545.49572  -99.9  -9.99  -999  -99  -99.9  -99.9      524808  3   3   0   0   99.0   2     3.0     1.0  -999.9  -999.9  9.99     3.6 
1969-11-19T23:54:19  2440545.49605  -99.9  -9.99  -999  -99  -99.9  -99.9      524808  3   3   0   0   99.0   2     2.0     2.0  -999.9  -999.9  9.99     3.6 
1969-11-19T23:54:47  2440545.49638  -99.9  -9.99  -999  -99  -99.9  -99.9      524808  3   3   0   0   99.0   1     2.0  -999.9  -999.9  -999.9  9.99     3.5 
1969-11-19T23:55:43  2440545.49703  -99.9  -9.99  -999  -99  -99.9  -99.9      524808  3   3   0   0   99.0   2     3.0     2.0  -999.9  -999.9  9.99     3.6 
1969-11-19T23:56:11  2440545.49735  -99.9  -9.99  -999  -99  -99.9  -99.9      524808  3   3   0   0   99.0   3     2.0  -999.9  -999.9  -999.9  9.99     3.5 
1969-11-19T23:56:39  2440545.49767  -99.9  -9.99  -999  -99  -99.9  -99.9      524808  3   3   0   0   99.0   5     2.0  -999.9  -999.9  -999.9  9.99     3.7 
1969-11-19T23:57:07  2440545.49800  -99.9  -9.99  -999  -99  -99.9  -99.9      524810  0   0   0   0  -99.9   2     1.0  -999.9  -999.9  -999.9  9.99  -999.9 
1969-11-19T23:57:35  2440545.49832  -99.9  -9.99  -999  -99  -99.9  -99.9      524808  3   3   0   0   99.0   5     3.0  -999.9  -999.9  -999.9  9.99     3.7 
1969-11-19T23:58:03  2440545.49865  -99.9  -9.99  -999  -99  -99.9  -99.9      524808  3   3   0   0   99.0   3     1.0  -999.9  -999.9  -999.9  9.99     3.5 
1969-11-19T23:58:31  2440545.49897  -99.9  -9.99  -999  -99  -99.9  -99.9      524808  3   3   0   0   99.0   1     1.0  -999.9  -999.9  -999.9  9.99     3.6 
1969-11-19T23:59:55  2440545.49994  -99.9  -9.99  -999  -99  -99.9  -99.9      524808  3   3   0   0   99.0   7  -999.9  -999.9  -999.9     1.0  9.99     3.6 
